MeshAnim
1
89
54
30
-0.01152417 -0.99893370 -0.04470873 0.00000000
0.98853620 -0.01811293 0.14989350 0.00000000
0.15054340 0.04246879 -0.98769080 0.00000000
-0.00701517 0.85369550 0.00559449 1.00000000

-0.02437722 -0.99865620 0.04573577 0.00000000
0.99037120 -0.01788810 0.13727650 0.00000000
0.13627390 -0.04864183 -0.98947640 0.00000000
-0.00494181 1.03341800 0.01363822 1.00000000

-0.00147946 -0.99144420 -0.13052360 0.00000000
0.99204160 -0.01788841 0.12463390 0.00000000
0.12590240 0.12930040 -0.98358020 0.00000000
-0.00127367 1.18369000 0.00675618 1.00000000

-0.01269961 -0.99872390 -0.04888330 0.00000000
0.99354620 -0.01811437 0.11197270 0.00000000
0.11271530 0.04714581 -0.99250820 0.00000000
-0.00106281 1.32499800 0.02535946 1.00000000

-0.01779721 -0.98820420 0.15210530 0.00000000
0.99838520 -0.00935618 0.05603140 0.00000000
0.05394731 -0.15285690 -0.98677480 0.00000000
0.00158224 1.53301000 0.03554073 1.00000000

-0.00000016 -0.99983390 0.01822742 0.00000000
1.00000000 -0.00000014 0.00000133 0.00000000
0.00000135 -0.01822745 -0.99983390 0.00000000
0.00279481 1.60033900 0.02517733 1.00000000

-0.00000123 0.23445360 0.97212740 0.00000000
1.00000000 -0.00000018 0.00000130 0.00000000
-0.00000048 -0.97212750 0.23445350 0.00000000
0.00279481 1.60033900 0.02517733 1.00000000

0.97677330 0.13332050 -0.16774850 0.00000000
0.16658810 0.01989078 0.98582610 0.00000000
-0.13476740 0.99087350 0.00278086 0.00000000
0.00158224 1.53301000 0.03554073 1.00000000

0.37026220 0.92844970 0.02978842 0.00000000
-0.86364470 0.35587330 -0.35703230 0.00000000
0.34208750 -0.10646890 -0.93361710 0.00000000
-0.16545000 1.44072200 0.06368186 1.00000000

0.18122180 0.92388250 0.33704630 0.00000000
-0.86489140 0.31285400 -0.39253700 0.00000000
0.46810430 0.22037230 -0.85575380 0.00000000
-0.25930740 1.20537100 0.05613083 1.00000000

0.24879690 0.95199640 0.17833520 0.00000000
0.22049950 0.12361780 -0.96752190 0.00000000
0.94312260 -0.28003930 0.17915880 0.00000000
-0.31030070 0.94540320 -0.03870929 1.00000000

0.07305995 0.98402550 0.16234620 0.00000000
0.12720700 0.15225750 -0.98012070 0.00000000
0.98918190 -0.09225905 0.11405080 0.00000000
-0.32819610 0.81272360 -0.09857800 1.00000000

-0.17210400 0.97806390 0.11735270 0.00000000
0.02357155 0.12318510 -0.99210380 0.00000000
0.98479680 0.16797890 0.04425495 0.00000000
-0.33132310 0.77060710 -0.10552650 1.00000000

-0.35314400 0.92896900 0.11093450 0.00000000
-0.06038376 0.09569520 -0.99357770 0.00000000
0.93361840 0.35757460 -0.02230056 0.00000000
-0.32490680 0.73414290 -0.10990160 1.00000000

-0.33986320 0.52272710 0.78182450 0.00000000
0.93392240 0.28554460 0.21506600 0.00000000
0.11082470 -0.80325660 0.58523270 0.00000000
-0.30610390 0.90925120 -0.06730812 1.00000000

-0.35545660 0.55627740 0.75113680 0.00000000
0.63176140 0.73524560 -0.24554350 0.00000000
0.68886010 -0.38725920 0.61278220 0.00000000
-0.28661140 0.87927080 -0.11214890 1.00000000

-0.26764280 0.73494700 0.62307360 0.00000000
0.69231800 0.59644110 -0.40614540 0.00000000
0.67012190 -0.32266310 0.66844990 0.00000000
-0.26984850 0.85303720 -0.14757190 1.00000000

-0.11772650 0.99172390 -0.05123091 0.00000000
0.22288140 -0.02388582 -0.97455310 0.00000000
0.96771090 0.12614910 0.21822460 0.00000000
-0.34124650 0.81243190 -0.06843549 1.00000000

-0.35228120 0.93020980 -0.10299530 0.00000000
0.21082580 -0.02834632 -0.97711270 0.00000000
0.91183910 0.36593260 0.18612620 0.00000000
-0.33597250 0.76800280 -0.06614036 1.00000000

-0.52008260 0.84584050 -0.11861000 0.00000000
0.19384870 -0.01835156 -0.98085990 0.00000000
0.83182730 0.53312060 0.15442060 0.00000000
-0.32222500 0.73170240 -0.06212105 1.00000000

-0.29521440 0.93628840 -0.19029660 0.00000000
0.18669560 -0.13880350 -0.97256290 0.00000000
0.93701310 0.32264220 0.13382410 0.00000000
-0.34933890 0.81763230 -0.03895157 1.00000000

-0.51458060 0.82667330 -0.22763620 0.00000000
0.17617510 -0.15788400 -0.97161480 0.00000000
0.83914810 0.54007790 0.06439506 0.00000000
-0.33693780 0.77830150 -0.03095778 1.00000000

-0.66282730 0.71298130 -0.22873100 0.00000000
0.16684570 -0.15715940 -0.97337750 0.00000000
0.72994690 0.68334390 0.01478820 0.00000000
-0.31810880 0.74805280 -0.02262837 1.00000000

-0.39884290 0.88878790 -0.22578900 0.00000000
0.08607778 -0.20884790 -0.97415270 0.00000000
0.91297050 0.40796920 -0.00679272 0.00000000
-0.35391210 0.82795890 -0.01075509 1.00000000

-0.60504580 0.75536400 -0.25168410 0.00000000
0.08069651 -0.25630390 -0.96322200 0.00000000
0.79209070 0.60310350 -0.09412032 0.00000000
-0.34083890 0.79882620 -0.00335419 1.00000000

-0.72779440 0.64091780 -0.24400760 0.00000000
0.08943117 -0.26406680 -0.96034910 0.00000000
0.67993940 0.72075870 -0.13486850 0.00000000
-0.32356360 0.77725910 0.00383192 1.00000000

-0.91533010 0.16956010 -0.36526730 0.00000000
0.36685780 -0.02300060 -0.92999260 0.00000000
0.16609110 0.98525150 0.04115118 0.00000000
0.00158224 1.53301000 0.03554073 1.00000000

-0.33654180 0.90722200 -0.25236470 0.00000000
-0.94165980 -0.32307250 0.09434670 0.00000000
-0.00406119 -0.26939330 -0.96302180 0.00000000
0.15577170 1.43457400 0.09673541 1.00000000

-0.23237580 0.94586180 0.22659900 0.00000000
-0.95139990 -0.26945680 0.14910170 0.00000000
-0.20208800 0.18093870 -0.96250800 0.00000000
0.24108170 1.20460300 0.16070720 1.00000000

-0.26321140 0.95525050 0.13496770 0.00000000
0.01470079 -0.13591330 0.99061200 0.00000000
-0.96462630 -0.26272470 -0.02173082 0.00000000
0.30646920 0.93844940 0.09694520 1.00000000

-0.02720951 0.97628920 0.21475500 0.00000000
-0.08672950 -0.21633000 0.97246070 0.00000000
-0.99586040 -0.00783494 -0.09055910 0.00000000
0.33393140 0.80593620 0.04042373 1.00000000

0.30900520 0.92323950 0.22835290 0.00000000
-0.18737770 -0.17629820 0.96633790 0.00000000
-0.93241960 0.34139120 -0.11851730 0.00000000
0.33509610 0.76415080 0.03123220 1.00000000

0.55284330 0.79075930 0.26280190 0.00000000
-0.26521870 -0.13200030 0.95511010 0.00000000
-0.78995190 0.59772580 -0.13674860 0.00000000
0.32357570 0.72973050 0.02271873 1.00000000

0.15264760 0.55969330 0.81451980 0.00000000
0.95877500 -0.28375480 0.01529868 0.00000000
-0.23968680 -0.77860570 0.57993440 0.00000000
0.30759970 0.90262380 0.06765815 1.00000000

0.17475730 0.59207160 0.78670940 0.00000000
0.56054460 -0.71670870 0.41487180 0.00000000
-0.80947540 -0.36848400 0.45713270 0.00000000
0.29884480 0.87052290 0.02094206 1.00000000

0.11806660 0.76405480 0.63425650 0.00000000
0.58283970 -0.57044890 0.57869370 0.00000000
-0.80396460 -0.30134550 0.51267230 0.00000000
0.29060330 0.84260130 -0.01615847 1.00000000

0.16075790 0.98573720 0.04979257 0.00000000
0.00211901 -0.05079333 0.99870730 0.00000000
-0.98699190 0.16044410 0.01025433 0.00000000
0.34050050 0.80513810 0.07259800 1.00000000

0.48222350 0.87486000 0.04561988 0.00000000
-0.01028968 -0.04641487 0.99886960 0.00000000
-0.87598790 0.48214740 0.01338038 0.00000000
0.33329860 0.76097690 0.07036729 1.00000000

0.70591550 0.70577900 0.05966545 0.00000000
-0.03073122 -0.05363968 0.99808760 0.00000000
-0.70762940 0.70639850 0.01617577 0.00000000
0.31448000 0.72683620 0.06858699 1.00000000

0.33383490 0.94124190 -0.05117251 0.00000000
-0.03758276 0.06753398 0.99700900 0.00000000
-0.94188230 0.33091280 -0.05791961 0.00000000
0.34245090 0.80993440 0.10317610 1.00000000

0.63050780 0.77512140 -0.04058744 0.00000000
-0.04573109 0.08929740 0.99495490 0.00000000
-0.77483470 0.62547020 -0.09174974 0.00000000
0.32842750 0.77039560 0.10532580 1.00000000

0.81984630 0.57253500 -0.00751906 0.00000000
-0.05489346 0.09166276 0.99427620 0.00000000
-0.56994660 0.81474050 -0.10657780 0.00000000
0.30535640 0.74203270 0.10681090 1.00000000

0.42560010 0.90207960 -0.07153615 0.00000000
-0.13767620 0.14268240 0.98014680 0.00000000
-0.89437690 0.40730130 -0.18492040 0.00000000
0.34131330 0.81993640 0.13183390 1.00000000

0.70321260 0.70921910 -0.05000730 0.00000000
-0.13276930 0.20009200 0.97073990 0.00000000
-0.69847300 0.67599680 -0.23486950 0.00000000
0.32736290 0.79036780 0.13417870 1.00000000

0.86195840 0.50690260 -0.00886350 0.00000000
-0.11565110 0.21361960 0.97004760 0.00000000
-0.49361230 0.83511480 -0.24275490 0.00000000
0.30728470 0.77011800 0.13560650 1.00000000

0.22311170 0.95308100 0.20459160 0.00000000
0.97256590 -0.20346500 -0.11277190 0.00000000
0.06585349 -0.22413950 0.97232960 0.00000000
-0.08421266 0.91991790 -0.00852247 1.00000000

0.07461327 0.97043310 -0.22954830 0.00000000
0.96654700 -0.12702270 -0.22282770 0.00000000
0.24539730 0.20524330 0.94744680 0.00000000
-0.18859920 0.47400250 -0.10424420 1.00000000

0.19232050 0.54238730 0.81781950 0.00000000
0.97268060 0.00505875 -0.23209300 0.00000000
0.13002140 -0.84011320 0.52659670 0.00000000
-0.21643630 0.11194530 -0.01860250 1.00000000

0.16657000 0.08809060 0.98208680 0.00000000
-0.98396190 -0.04962160 0.17133890 0.00000000
-0.06382610 0.99487600 -0.07841235 0.00000000
-0.25006710 0.01709867 -0.16161400 1.00000000

-0.19053920 0.98115120 -0.03220873 0.00000000
0.93577740 0.19144750 0.29608850 0.00000000
-0.29667380 -0.02627622 0.95461740 0.00000000
0.07321775 0.91703330 0.01534898 1.00000000

-0.00887099 0.92749860 -0.37372170 0.00000000
0.93714060 0.13809020 0.32046590 0.00000000
-0.34883900 0.34738700 0.87042160 0.00000000
0.16236510 0.45798470 0.03041849 1.00000000

-0.27534100 0.54238690 0.79372790 0.00000000
0.94370570 -0.00494850 0.33074930 0.00000000
-0.18332180 -0.84011440 0.51049110 0.00000000
0.16567510 0.11194580 0.16984980 1.00000000

-0.26654800 0.08809720 0.95978700 0.00000000
-0.96117060 0.04951128 -0.27147680 0.00000000
0.07143658 0.99488080 -0.07147928 0.00000000
0.21382390 0.01709908 0.03105122 1.00000000

1.00000000 0.00000000 0.00000000 0.00000000
0.00000000 1.00000000 0.00000000 0.00000000
0.00000000 0.00000000 -1.00000000 0.00000000
0.00000000 0.00000000 0.00000000 1.00000000

-0.01070142 -0.99895190 -0.04450321 0.00000000
0.98888860 -0.01717202 0.14766370 0.00000000
0.14827320 0.04242849 -0.98803590 0.00000000
-0.00730759 0.85366860 0.00563800 1.00000000

-0.02337801 -0.99865880 0.04619662 0.00000000
0.99069490 -0.01694470 0.13504240 0.00000000
0.13407850 -0.04892379 -0.98976240 0.00000000
-0.00538225 1.03339400 0.01364475 1.00000000

-0.00091084 -0.99152770 -0.12989220 0.00000000
0.99233660 -0.01694581 0.12239670 0.00000000
0.12356090 0.12878530 -0.98394480 0.00000000
-0.00186447 1.18366600 0.00669337 1.00000000

-0.01196232 -0.99877600 -0.04799536 0.00000000
0.99381280 -0.01717597 0.10973220 0.00000000
0.11042230 0.04638571 -0.99280180 0.00000000
-0.00173465 1.32498700 0.02520665 1.00000000

-0.01721237 -0.98800870 0.15343670 0.00000000
0.99845190 -0.00886682 0.05491008 0.00000000
0.05289117 -0.15414430 -0.98663180 0.00000000
0.00075683 1.53300900 0.03520299 1.00000000

-0.00000034 -0.99979950 0.02003395 0.00000000
1.00000000 -0.00000033 0.00000129 0.00000000
0.00000135 -0.02003399 -0.99979950 0.00000000
0.00192956 1.60032500 0.02474888 1.00000000

-0.00000118 0.23620990 0.97170230 0.00000000
1.00000000 -0.00000036 0.00000127 0.00000000
-0.00000066 -0.97170220 0.23621000 0.00000000
0.00192956 1.60032500 0.02474888 1.00000000

0.97627660 0.13400340 -0.17008030 0.00000000
0.16880830 0.02088169 0.98542780 0.00000000
-0.13560230 0.99076090 0.00223462 0.00000000
0.00075683 1.53300900 0.03520299 1.00000000

0.37090680 0.92827820 0.02697732 0.00000000
-0.86456320 0.35576280 -0.35491300 0.00000000
0.33905560 -0.10831600 -0.93451020 0.00000000
-0.16613270 1.44060500 0.06380264 1.00000000

0.18003660 0.92370590 0.33816290 0.00000000
-0.86564560 0.31205050 -0.39151250 0.00000000
0.46716640 0.22224260 -0.85578270 0.00000000
-0.26015360 1.20529700 0.05696417 1.00000000

0.24798460 0.95224930 0.17811440 0.00000000
0.22035980 0.12359160 -0.96755730 0.00000000
0.94336920 -0.27918850 0.17918860 0.00000000
-0.31081340 0.94537870 -0.03819013 1.00000000

0.06923909 0.98471580 0.15981460 0.00000000
0.12762530 0.15013930 -0.98039290 0.00000000
0.98940280 -0.08827789 0.11527900 0.00000000
-0.32859670 0.81267040 -0.09802867 1.00000000

-0.17583610 0.97772680 0.11459450 0.00000000
0.02411078 0.12065070 -0.99240250 0.00000000
0.98412400 0.17173710 0.04478837 0.00000000
-0.33156020 0.77052440 -0.10486880 1.00000000

-0.35666860 0.92795260 0.10812620 0.00000000
-0.05974050 0.09284706 -0.99388660 0.00000000
0.93231890 0.36094750 -0.02232094 0.00000000
-0.32500470 0.73407280 -0.10914110 1.00000000

-0.34025390 0.52265580 0.78170220 0.00000000
0.93369680 0.28637830 0.21493670 0.00000000
0.11152470 -0.80300570 0.58544340 0.00000000
-0.30658640 0.90922400 -0.06678101 1.00000000

-0.35587470 0.55620090 0.75099510 0.00000000
0.63114240 0.73569480 -0.24578930 0.00000000
0.68921140 -0.38651470 0.61285710 0.00000000
-0.28707150 0.87924770 -0.11161490 1.00000000

-0.26821240 0.73491870 0.62286160 0.00000000
0.69180980 0.59688230 -0.40636340 0.00000000
0.67041900 -0.32191000 0.66851510 0.00000000
-0.27028890 0.85301770 -0.14703120 1.00000000

-0.12159870 0.99113460 -0.05353615 0.00000000
0.22336450 -0.02522879 -0.97440870 0.00000000
0.96712080 0.13044490 0.21831640 0.00000000
-0.34164590 0.81237450 -0.06788563 1.00000000

-0.35587130 0.92858930 -0.10524880 0.00000000
0.21132760 -0.02974253 -0.97696290 0.00000000
0.91032770 0.36991490 0.18565200 0.00000000
-0.33619820 0.76797160 -0.06548721 1.00000000

-0.52331940 0.84354040 -0.12073470 0.00000000
0.19431350 -0.01982270 -0.98073940 0.00000000
0.82968620 0.53670000 0.15353740 0.00000000
-0.32231070 0.73173440 -0.06137997 1.00000000

-0.29908490 0.93474000 -0.19185740 0.00000000
0.18717790 -0.13968500 -0.97234400 0.00000000
0.93568860 0.32672480 0.13318470 0.00000000
-0.34974170 0.81757420 -0.03840259 1.00000000

-0.51798450 0.82417040 -0.22898770 0.00000000
0.17673570 -0.15880660 -0.97136270 0.00000000
0.83693280 0.54362080 0.06340079 0.00000000
-0.33717810 0.77830870 -0.03034325 1.00000000

-0.66574980 0.70988350 -0.22987530 0.00000000
0.16740340 -0.15812260 -0.97312560 0.00000000
0.72715430 0.68634000 0.01356666 0.00000000
-0.31822440 0.74815150 -0.02196434 1.00000000

-0.40268560 0.88684950 -0.22658890 0.00000000
0.08652335 -0.20955860 -0.97396060 0.00000000
0.91124020 0.41180490 -0.00765317 0.00000000
-0.35432280 0.82790330 -0.01020824 1.00000000

-0.60832070 0.75254200 -0.25224350 0.00000000
0.08134532 -0.25702260 -0.96297600 0.00000000
0.78951210 0.60631670 -0.09513643 0.00000000
-0.34112360 0.79883410 -0.00278112 1.00000000

-0.73057160 0.63760490 -0.24438720 0.00000000
0.09011246 -0.26474430 -0.96009920 0.00000000
0.67686410 0.72344330 -0.13595890 0.00000000
-0.32375480 0.77734760 0.00442090 1.00000000

-0.91630040 0.16846930 -0.36333380 0.00000000
0.36476550 -0.02349133 -0.93080310 0.00000000
0.16534690 0.98542680 0.03992656 0.00000000
0.00075683 1.53300900 0.03520299 1.00000000

-0.33701140 0.90799600 -0.24893090 0.00000000
-0.94146810 -0.32281660 0.09709284 0.00000000
-0.00780080 -0.26708180 -0.96364240 0.00000000
0.15516840 1.43475700 0.09613205 1.00000000

-0.23241740 0.94589810 0.22640420 0.00000000
-0.95110500 -0.26971970 0.15050110 0.00000000
-0.20342430 0.18035510 -0.96233590 0.00000000
0.24059730 1.20459000 0.15923350 1.00000000

-0.26442410 0.95484020 0.13549930 0.00000000
0.01506581 -0.13639330 0.99054020 0.00000000
-0.96428890 -0.26396410 -0.02168004 0.00000000
0.30599650 0.93842610 0.09552628 1.00000000

-0.02852229 0.97635260 0.21429400 0.00000000
-0.08607494 -0.21598410 0.97259570 0.00000000
-0.99588040 -0.00929532 -0.09019980 0.00000000
0.33361990 0.80597710 0.03893280 1.00000000

0.31456060 0.92133440 0.22846130 0.00000000
-0.18672160 -0.17591920 0.96653390 0.00000000
-0.93069160 0.34669210 -0.11669570 0.00000000
0.33484070 0.76418920 0.02976099 1.00000000

0.56341110 0.78310310 0.26328200 0.00000000
-0.26440200 -0.13100690 0.95547310 0.00000000
-0.78272580 0.60793630 -0.13324340 0.00000000
0.32311310 0.72983980 0.02124346 1.00000000

0.15207690 0.55948000 0.81477290 0.00000000
0.95914490 -0.28251920 0.01497358 0.00000000
-0.23856640 -0.77920790 0.57958730 0.00000000
0.30716790 0.90261680 0.06622095 1.00000000

0.17412820 0.59145030 0.78731550 0.00000000
0.56147280 -0.71646110 0.41404360 0.00000000
-0.80896740 -0.36995940 0.45683950 0.00000000
0.29844570 0.87052830 0.01949031 1.00000000

0.11719310 0.76318030 0.63546970 0.00000000
0.58353260 -0.57068560 0.57776140 0.00000000
-0.80358930 -0.30310750 0.51222090 0.00000000
0.29023410 0.84263590 -0.01763876 1.00000000

0.15939860 0.98598380 0.04927480 0.00000000
0.00263385 -0.05033768 0.99872870 0.00000000
-0.98721080 0.15906610 0.01062078 0.00000000
0.34019610 0.80517150 0.07110541 1.00000000

0.48737660 0.87203390 0.04495403 0.00000000
-0.00980248 -0.04601534 0.99889250 0.00000000
-0.87313680 0.48727750 0.01387885 0.00000000
0.33305500 0.76099910 0.06889790 1.00000000

0.71517360 0.69646560 0.05884326 0.00000000
-0.03043451 -0.05307830 0.99812640 0.00000000
-0.69828400 0.71562470 0.01676361 0.00000000
0.31403550 0.72696880 0.06714357 1.00000000

0.33260240 0.94164570 -0.05175707 0.00000000
-0.03713192 0.06791492 0.99700000 0.00000000
-0.94233580 0.32968270 -0.05755373 0.00000000
0.34214610 0.80995480 0.10168560 1.00000000

0.63512430 0.77133000 -0.04083186 0.00000000
-0.04515798 0.08985207 0.99493100 0.00000000
-0.77108870 0.63006090 -0.09189895 0.00000000
0.32817440 0.77039890 0.10385980 1.00000000

0.82734220 0.56165390 -0.00705899 0.00000000
-0.05426993 0.09243759 0.99423840 0.00000000
-0.55907040 0.82219220 -0.10695850 0.00000000
0.30493440 0.74217510 0.10535390 1.00000000

0.42454560 0.90252740 -0.07214697 0.00000000
-0.13727600 0.14292740 0.98016670 0.00000000
-0.89493940 0.40622160 -0.18457450 0.00000000
0.34100110 0.81994080 0.13034860 1.00000000

0.70751790 0.70492680 -0.04996673 0.00000000
-0.13174580 0.20103400 0.97068460 0.00000000
-0.69430650 0.68019380 -0.23510640 0.00000000
0.32708530 0.79035750 0.13271350 1.00000000

0.86861350 0.49542950 -0.00774334 0.00000000
-0.11394170 0.21492840 0.96996030 0.00000000
-0.48221120 0.84163850 -0.24313980 0.00000000
0.30688410 0.77023050 0.13414010 1.00000000

0.22279380 0.95294990 0.20554770 0.00000000
0.97256860 -0.20280630 -0.11393000 0.00000000
0.06688316 -0.22529210 0.97199310 0.00000000
-0.08459798 0.91981710 -0.00831646 1.00000000

0.07398058 0.97032830 -0.23019630 0.00000000
0.96662380 -0.12654600 -0.22276560 0.00000000
0.24528610 0.20603290 0.94730440 0.00000000
-0.18883570 0.47396310 -0.10448550 1.00000000

0.19232070 0.54238860 0.81781890 0.00000000
0.97268040 0.00505856 -0.23209340 0.00000000
0.13002170 -0.84011260 0.52659790 0.00000000
-0.21643680 0.11194510 -0.01860203 1.00000000

0.16657040 0.08809206 0.98208700 0.00000000
-0.98396180 -0.04962154 0.17133950 0.00000000
-0.06382621 0.99487590 -0.07841380 0.00000000
-0.25006770 0.01709807 -0.16161340 1.00000000

-0.19074200 0.98108680 -0.03296109 0.00000000
0.93605170 0.19189500 0.29492980 0.00000000
-0.29567680 -0.02540222 0.95495050 0.00000000
0.07288855 0.91708240 0.01519989 1.00000000

-0.00949982 0.92771120 -0.37317810 0.00000000
0.93706770 0.13851690 0.32049490 0.00000000
-0.34901820 0.34664860 0.87064420 0.00000000
0.16213080 0.45806400 0.03062140 1.00000000

-0.27532170 0.54238660 0.79373480 0.00000000
0.94371450 -0.00494530 0.33072420 0.00000000
-0.18330560 -0.84011480 0.51049660 0.00000000
0.16567540 0.11194570 0.16984990 1.00000000

-0.26652280 0.08809702 0.95979420 0.00000000
-0.96117800 0.04950801 -0.27145130 0.00000000
0.07143149 0.99488100 -0.07148192 0.00000000
0.21382090 0.01709902 0.03105009 1.00000000

1.00000000 0.00000000 0.00000000 0.00000000
0.00000000 1.00000000 0.00000000 0.00000000
0.00000000 0.00000000 -1.00000000 0.00000000
0.00000000 0.00000000 0.00000000 1.00000000

-0.00975712 -0.99897510 -0.04419929 0.00000000
0.98925070 -0.01609272 0.14534120 0.00000000
0.14590350 0.04230607 -0.98839380 0.00000000
-0.00759578 0.85359380 0.00571250 1.00000000

-0.02224921 -0.99865800 0.04676741 0.00000000
0.99102730 -0.01586412 0.13271530 0.00000000
0.13179530 -0.04930059 -0.99005030 0.00000000
-0.00584033 1.03332400 0.01366458 1.00000000

-0.00023032 -0.99162610 -0.12914120 0.00000000
0.99263920 -0.01586687 0.12006530 0.00000000
0.12110900 0.12816300 -0.98433070 0.00000000
-0.00249240 1.18359600 0.00662730 1.00000000

-0.01110391 -0.99883430 -0.04697497 0.00000000
0.99408580 -0.01610201 0.10739740 0.00000000
0.10802870 0.04550460 -0.99310590 0.00000000
-0.00245958 1.32493000 0.02503355 1.00000000

-0.01655500 -0.98780350 0.15482350 0.00000000
0.99852040 -0.00831145 0.05374137 0.00000000
0.05179910 -0.15548410 -0.98647950 0.00000000
-0.00014688 1.53296500 0.03481736 1.00000000

-0.00000023 -0.99976180 0.02182212 0.00000000
1.00000000 -0.00000022 0.00000076 0.00000000
0.00000078 -0.02182210 -0.99976190 0.00000000
0.00098106 1.60026700 0.02426876 1.00000000

-0.00000048 0.23794720 0.97127830 0.00000000
1.00000000 -0.00000031 0.00000056 0.00000000
-0.00000042 -0.97127810 0.23794720 0.00000000
0.00098106 1.60026700 0.02426876 1.00000000

0.97574070 0.13478170 -0.17252280 0.00000000
0.17111810 0.02202647 0.98500440 0.00000000
-0.13656060 0.99063050 0.00157150 0.00000000
-0.00014688 1.53296500 0.03481736 1.00000000

0.37162130 0.92807980 0.02378191 0.00000000
-0.86553380 0.35561440 -0.35269000 0.00000000
0.33578150 -0.11048310 -0.93543830 0.00000000
-0.16687830 1.44042700 0.06390358 1.00000000

0.17855280 0.92350230 0.33950400 0.00000000
-0.86647710 0.31106870 -0.39045390 0.00000000
0.46619390 0.22445560 -0.85573540 0.00000000
-0.26108030 1.20516900 0.05787508 1.00000000

0.24728560 0.95244980 0.17801530 0.00000000
0.22021270 0.12366920 -0.96758090 0.00000000
0.94358720 -0.27847010 0.17916000 0.00000000
-0.31132260 0.94530830 -0.03765656 1.00000000

0.06559435 0.98535420 0.15739990 0.00000000
0.12804730 0.14812350 -0.98064470 0.00000000
0.98959680 -0.08447964 0.11645600 0.00000000
-0.32901050 0.81258150 -0.09748226 1.00000000

-0.17935070 0.97739320 0.11196530 0.00000000
0.02464929 0.11823950 -0.99267950 0.00000000
0.98347690 0.17527760 0.04529849 0.00000000
-0.33181800 0.77040820 -0.10421900 1.00000000

-0.35994590 0.92699520 0.10544860 0.00000000
-0.05910245 0.09014142 -0.99417410 0.00000000
0.93109950 0.36408080 -0.02234151 0.00000000
-0.32513160 0.73396920 -0.10839330 1.00000000

-0.34050210 0.52261760 0.78162000 0.00000000
0.93353500 0.28704130 0.21475630 0.00000000
0.11212200 -0.80279430 0.58562000 0.00000000
-0.30707040 0.90915420 -0.06624446 1.00000000

-0.35614210 0.55619540 0.75087270 0.00000000
0.63064810 0.73602280 -0.24607690 0.00000000
0.68952630 -0.38589800 0.61289240 0.00000000
-0.28754120 0.87918010 -0.11107360 1.00000000

-0.26859950 0.73497050 0.62263410 0.00000000
0.69139970 0.59716640 -0.40664360 0.00000000
0.67068710 -0.32126460 0.66855690 0.00000000
-0.27074600 0.85295040 -0.14648410 1.00000000

-0.12528430 0.99055730 -0.05568148 0.00000000
0.22382280 -0.02645721 -0.97427100 0.00000000
0.96654410 0.13452330 0.21839480 0.00000000
-0.34205770 0.81227850 -0.06733846 1.00000000

-0.35924630 0.92704990 -0.10733650 0.00000000
0.21180410 -0.03102163 -0.97682010 0.00000000
0.90889040 0.37365290 0.18520860 0.00000000
-0.33644490 0.76790140 -0.06484389 1.00000000

-0.52632370 0.84138540 -0.12269640 0.00000000
0.19475630 -0.02117239 -0.98062330 0.00000000
0.82767980 0.54002090 0.15272160 0.00000000
-0.32242580 0.73172430 -0.06065520 1.00000000

-0.30276120 0.93326960 -0.19324640 0.00000000
0.18761520 -0.14043340 -0.97215220 0.00000000
0.93441780 0.33058550 0.13257780 0.00000000
-0.35015580 0.81747480 -0.03785542 1.00000000

-0.52118030 0.82182120 -0.23017680 0.00000000
0.17724710 -0.15959230 -0.97114090 0.00000000
0.83483840 0.54693710 0.06248905 0.00000000
-0.33743770 0.77827090 -0.02973770 1.00000000

-0.66846040 0.70700680 -0.23087400 0.00000000
0.16791210 -0.15894560 -0.97290410 0.00000000
0.72454600 0.68911380 0.01246627 0.00000000
-0.31836710 0.74819960 -0.02131531 1.00000000

-0.40632530 0.88502330 -0.22723140 0.00000000
0.08691360 -0.21012290 -0.97380450 0.00000000
0.90958590 0.41543030 -0.00845764 0.00000000
-0.35474290 0.82780290 -0.00966173 1.00000000

-0.61138750 0.74991150 -0.25266360 0.00000000
0.08192494 -0.25759090 -0.96277510 0.00000000
0.78707980 0.60932770 -0.09605115 0.00000000
-0.34142440 0.79879380 -0.00221352 1.00000000

-0.73314230 0.63454740 -0.24464850 0.00000000
0.09071971 -0.26527070 -0.95989680 0.00000000
0.67399770 0.72593500 -0.13691500 0.00000000
-0.32396810 0.77738230 0.00500052 1.00000000

-0.91732100 0.16721800 -0.36133160 0.00000000
0.36258530 -0.02406371 -0.93164000 0.00000000
0.16448190 0.98562630 0.03855677 0.00000000
-0.00014688 1.53296500 0.03481736 1.00000000

-0.33749660 0.90883510 -0.24518410 0.00000000
-0.94125290 -0.32255230 0.10001710 0.00000000
-0.01181442 -0.26453560 -0.96430360 0.00000000
0.15450390 1.43492300 0.09547839 1.00000000

-0.23263950 0.94598390 0.22581790 0.00000000
-0.95078150 -0.27007860 0.15189510 0.00000000
-0.20467910 0.17936660 -0.96225490 0.00000000
0.24005590 1.20454300 0.15763000 1.00000000

-0.26579070 0.95431450 0.13652650 0.00000000
0.01539217 -0.13740140 0.99039600 0.00000000
-0.96390800 -0.26533930 -0.02183118 0.00000000
0.30551760 0.93835530 0.09408782 1.00000000

-0.03017500 0.97671150 0.21242510 0.00000000
-0.08507151 -0.21426020 0.97306510 0.00000000
-0.99591800 -0.01129081 -0.08955579 0.00000000
0.33332560 0.80600560 0.03735305 1.00000000

0.31914350 0.92010090 0.22707310 0.00000000
-0.18573960 -0.17422940 0.96702920 0.00000000
-0.92932700 0.35079760 -0.11529510 0.00000000
0.33461710 0.76420210 0.02826121 1.00000000

0.57254030 0.77677370 0.26233600 0.00000000
-0.26329760 -0.12882040 0.95607530 0.00000000
-0.77644820 0.61646410 -0.13076790 0.00000000
0.32271880 0.72989880 0.01979547 1.00000000

0.15137090 0.55885250 0.81533510 0.00000000
0.95955570 -0.28114330 0.01455706 0.00000000
-0.23736110 -0.78015540 0.57880710 0.00000000
0.30673710 0.90257830 0.06474509 1.00000000

0.17334020 0.58951980 0.78893600 0.00000000
0.56232520 -0.71689250 0.41213600 0.00000000
-0.80854440 -0.37219860 0.45576800 0.00000000
0.29805540 0.87052570 0.01798224 1.00000000

0.11616050 0.76054250 0.63881310 0.00000000
0.58396420 -0.57255490 0.57547150 0.00000000
-0.80342570 -0.30619650 0.51063740 0.00000000
0.28988080 0.84272430 -0.01922324 1.00000000

0.15770190 0.98635280 0.04731457 0.00000000
0.00361142 -0.04848981 0.99881740 0.00000000
-0.98748040 0.15734460 0.01120903 0.00000000
0.33990720 0.80517580 0.06952397 1.00000000

0.49160870 0.86976100 0.04285973 0.00000000
-0.00885194 -0.04422407 0.99898260 0.00000000
-0.87077140 0.49148780 0.01404183 0.00000000
0.33284210 0.76098700 0.06740428 1.00000000

0.72312180 0.68838530 0.05675183 0.00000000
-0.02965195 -0.05114938 0.99825100 0.00000000
-0.69008400 0.72353980 0.01657528 0.00000000
0.31365740 0.72704530 0.06573168 1.00000000

0.33122420 0.94201580 -0.05381981 0.00000000
-0.03605513 0.06963412 0.99692110 0.00000000
-0.94286310 0.32826400 -0.05702903 0.00000000
0.34185430 0.80993010 0.10010880 1.00000000

0.63906410 0.76797540 -0.04255760 0.00000000
-0.04397660 0.09172285 0.99481330 0.00000000
-0.76789550 0.63387760 -0.09238973 0.00000000
0.32794040 0.77035870 0.10236970 1.00000000

0.83385520 0.55192580 -0.00797711 0.00000000
-0.05304115 0.09450342 0.99411080 0.00000000
-0.54942920 0.82852110 -0.10807700 0.00000000
0.30455630 0.74225770 0.10392690 1.00000000

0.42361870 0.90279420 -0.07423015 0.00000000
-0.13615890 0.14447620 0.98009580 0.00000000
-0.89554920 0.40507980 -0.18412630 0.00000000
0.34069840 0.81988470 0.12878240 1.00000000

0.71141310 0.70089130 -0.05140756 0.00000000
-0.13006440 0.20319660 0.97046100 0.00000000
-0.69063360 0.68371270 -0.23571780 0.00000000
0.32681290 0.79029270 0.13121550 1.00000000

0.87453680 0.48489300 -0.00803751 0.00000000
-0.11163200 0.21740910 0.96967620 0.00000000
-0.47193670 0.84712010 -0.24426190 0.00000000
0.30650060 0.77028080 0.13268330 1.00000000

0.22253320 0.95274010 0.20679750 0.00000000
0.97255440 -0.20215700 -0.11519740 0.00000000
0.06794769 -0.22675710 0.97157820 0.00000000
-0.08498820 0.91965720 -0.00807850 1.00000000

0.07326172 0.97016140 -0.23112630 0.00000000
0.96670200 -0.12605640 -0.22270420 0.00000000
0.24519400 0.20711450 0.94709220 0.00000000
-0.18910400 0.47390140 -0.10483230 1.00000000

0.19232220 0.54238750 0.81781890 0.00000000
0.97268020 0.00505772 -0.23209440 0.00000000
0.13002150 -0.84011310 0.52659700 0.00000000
-0.21643690 0.11194570 -0.01860184 1.00000000

0.16657150 0.08809096 0.98208660 0.00000000
-0.98396160 -0.04962061 0.17134050 0.00000000
-0.06382536 0.99487600 -0.07841288 0.00000000
-0.25006800 0.01709884 -0.16161320 1.00000000

-0.19084110 0.98105130 -0.03343470 0.00000000
0.93655150 0.19217550 0.29315520 0.00000000
-0.29402560 -0.02463274 0.95547990 0.00000000
0.07255600 0.91709440 0.01506797 1.00000000

-0.01026774 0.92779860 -0.37293980 0.00000000
0.93718450 0.13898030 0.31995250 0.00000000
-0.34868280 0.34622820 0.87094550 0.00000000
0.16184460 0.45809250 0.03071107 1.00000000

-0.27529680 0.54238680 0.79374320 0.00000000
0.94372430 -0.00494778 0.33069620 0.00000000
-0.18329250 -0.84011440 0.51050130 0.00000000
0.16567570 0.11194180 0.16985070 1.00000000

-0.26649410 0.08809708 0.95980180 0.00000000
-0.96118590 0.04951047 -0.27142270 0.00000000
0.07143179 0.99488070 -0.07148337 0.00000000
0.21381680 0.01709503 0.03104940 1.00000000

1.00000000 0.00000000 0.00000000 0.00000000
0.00000000 1.00000000 0.00000000 0.00000000
0.00000000 0.00000000 -1.00000000 0.00000000
0.00000000 0.00000000 0.00000000 1.00000000

-0.00876027 -0.99900150 -0.04380816 0.00000000
0.98961480 -0.01494727 0.14296570 0.00000000
0.14347780 0.04210079 -0.98875760 0.00000000
-0.00788313 0.85347060 0.00581616 1.00000000

-0.02106215 -0.99865260 0.04742786 0.00000000
0.99136070 -0.01471846 0.13033570 0.00000000
0.12946200 -0.04976326 -0.99033490 0.00000000
-0.00630704 1.03320500 0.01369787 1.00000000

0.00049940 -0.99173530 -0.12829890 0.00000000
0.99294220 -0.01472425 0.11768180 0.00000000
0.11859830 0.12745220 -0.98472860 0.00000000
-0.00313773 1.18347600 0.00656121 1.00000000

-0.01019075 -0.99889590 -0.04585983 0.00000000
0.99435840 -0.01496554 0.10501060 0.00000000
0.10558100 0.04453097 -0.99341310 0.00000000
-0.00320891 1.32482600 0.02484741 1.00000000

-0.01586371 -0.98759200 0.15623820 0.00000000
0.99858860 -0.00772739 0.05254676 0.00000000
0.05068738 -0.15685130 -0.98632060 0.00000000
-0.00108641 1.53287400 0.03439897 1.00000000

-0.00000019 -0.99972190 0.02357380 0.00000000
1.00000000 -0.00000016 0.00000093 0.00000000
0.00000086 -0.02357379 -0.99972200 0.00000000
-0.00000556 1.60016100 0.02375397 1.00000000

-0.00000058 0.23964890 0.97085960 0.00000000
1.00000000 -0.00000024 0.00000071 0.00000000
-0.00000041 -0.97085960 0.23964890 0.00000000
-0.00000556 1.60016100 0.02375397 1.00000000

0.97518170 0.13559340 -0.17502890 0.00000000
0.17347610 0.02327747 0.98456280 0.00000000
-0.13757440 0.99049110 0.00082252 0.00000000
-0.00108641 1.53287400 0.03439897 1.00000000

0.37216820 0.92794390 0.02027327 0.00000000
-0.86678790 0.35528560 -0.34993050 0.00000000
0.33191860 -0.11266050 -0.93655660 0.00000000
-0.16765180 1.44019700 0.06398913 1.00000000

0.17707700 0.92322240 0.34103470 0.00000000
-0.86756370 0.31004250 -0.38885380 0.00000000
0.46473360 0.22701210 -0.85585530 0.00000000
-0.26199250 1.20497300 0.05885007 1.00000000

0.24671230 0.95259340 0.17804130 0.00000000
0.22006080 0.12385090 -0.96759220 0.00000000
0.94377260 -0.27789680 0.17907300 0.00000000
-0.31181930 0.94519160 -0.03711231 1.00000000

0.06213922 0.98593580 0.15514440 0.00000000
0.12846750 0.14625050 -0.98087070 0.00000000
0.98976520 -0.08088164 0.11757280 0.00000000
-0.32943030 0.81245650 -0.09694295 1.00000000

-0.18263260 0.97706380 0.10950890 0.00000000
0.02518106 0.11599400 -0.99293090 0.00000000
0.98285880 0.17858390 0.04578790 0.00000000
-0.33208980 0.77025850 -0.10358320 1.00000000

-0.36296000 0.92610090 0.10294410 0.00000000
-0.05847574 0.08762205 -0.99443620 0.00000000
0.92996820 0.36696020 -0.02235098 0.00000000
-0.32528090 0.73383150 -0.10766590 1.00000000

-0.34059630 0.52262150 0.78157650 0.00000000
0.93344250 0.28751770 0.21452040 0.00000000
0.11260410 -0.80262110 0.58576460 0.00000000
-0.30754720 0.90904150 -0.06570227 1.00000000

-0.35624670 0.55627210 0.75076650 0.00000000
0.63029100 0.73621660 -0.24641200 0.00000000
0.68979870 -0.38541780 0.61288800 0.00000000
-0.28801260 0.87906690 -0.11052890 1.00000000

-0.26878900 0.73511250 0.62238490 0.00000000
0.69109890 0.59727710 -0.40699270 0.00000000
0.67092130 -0.32073410 0.66857670 0.00000000
-0.27121240 0.85283370 -0.14593440 1.00000000

-0.12876850 0.98999910 -0.05762824 0.00000000
0.22424820 -0.02753757 -0.97414310 0.00000000
0.96598740 0.13836190 0.21845950 0.00000000
-0.34247490 0.81214410 -0.06679811 1.00000000

-0.36239170 0.92560450 -0.10922080 0.00000000
0.21224680 -0.03215000 -0.97668750 0.00000000
0.90753750 0.37712480 0.18480580 0.00000000
-0.33670610 0.76779210 -0.06421641 1.00000000

-0.52908160 0.83939450 -0.12445950 0.00000000
0.19516870 -0.02236642 -0.98051510 0.00000000
0.82582210 0.54306260 0.15198990 0.00000000
-0.32256410 0.73167150 -0.05995414 1.00000000

-0.30622700 0.93189200 -0.19442920 0.00000000
0.18799610 -0.14101900 -0.97199360 0.00000000
0.93321100 0.33420240 0.13200830 0.00000000
-0.35057380 0.81733410 -0.03731421 1.00000000

-0.52415240 0.81964870 -0.23117180 0.00000000
0.17769710 -0.16021190 -0.97095650 0.00000000
0.83287970 0.55000770 0.06167382 0.00000000
-0.33771010 0.77818810 -0.02914685 1.00000000

-0.67094460 0.70437890 -0.23169850 0.00000000
0.16835960 -0.15959850 -0.97271960 0.00000000
0.72214160 0.69164960 0.01150722 0.00000000
-0.31853080 0.74819640 -0.02068802 1.00000000

-0.40974330 0.88332860 -0.22768730 0.00000000
0.08723579 -0.21051380 -0.97369100 0.00000000
0.90802010 0.41882570 -0.00919865 0.00000000
-0.35516520 0.82765820 -0.00911967 1.00000000

-0.61423060 0.74749820 -0.25291830 0.00000000
0.08242147 -0.25798120 -0.96262820 0.00000000
0.78481070 0.61212120 -0.09684995 0.00000000
-0.34173460 0.79870430 -0.00165657 1.00000000

-0.73549170 0.63177600 -0.24476820 0.00000000
0.09123840 -0.26561890 -0.95975120 0.00000000
0.67136270 0.72822130 -0.13771820 0.00000000
-0.32419700 0.77736180 0.00556477 1.00000000

-0.91836290 0.16588300 -0.35929460 0.00000000
0.36035730 -0.02470938 -0.93248700 0.00000000
0.16356180 0.98583580 0.03708493 0.00000000
-0.00108641 1.53287400 0.03439897 1.00000000

-0.33797710 0.90969940 -0.24128420 0.00000000
-0.94101860 -0.32228100 0.10304850 0.00000000
-0.01598176 -0.26188090 -0.96496780 0.00000000
0.15381120 1.43505700 0.09479267 1.00000000

-0.23296810 0.94610100 0.22498550 0.00000000
-0.95044810 -0.27048310 0.15325550 0.00000000
-0.20584980 0.17813350 -0.96223400 0.00000000
0.23948500 1.20445800 0.15595570 1.00000000

-0.26729610 0.95367430 0.13805000 0.00000000
0.01567795 -0.13893980 0.99017670 0.00000000
-0.96348700 -0.26683490 -0.02218624 0.00000000
0.30503910 0.93823710 0.09264775 1.00000000

-0.03215177 0.97735010 0.20917200 0.00000000
-0.08373734 -0.21117860 0.97385390 0.00000000
-0.99596910 -0.01379578 -0.08863032 0.00000000
0.33305340 0.80602150 0.03570233 1.00000000

0.32280180 0.91952330 0.22422280 0.00000000
-0.18444870 -0.17124590 0.96780900 0.00000000
-0.92832000 0.35376780 -0.11432630 0.00000000
0.33442940 0.76419070 0.02674973 1.00000000

0.58032420 0.77175810 0.26002570 0.00000000
-0.26192280 -0.12545210 0.95690020 0.00000000
-0.77111630 0.62341890 -0.12933800 0.00000000
0.32239470 0.72990890 0.01839027 1.00000000

0.15053970 0.55780380 0.81620610 0.00000000
0.96000150 -0.27964220 0.01404951 0.00000000
-0.23608290 -0.78144410 0.57758970 0.00000000
0.30631340 0.90250850 0.06324850 1.00000000

0.17240770 0.58626990 0.79155720 0.00000000
0.56309320 -0.71800180 0.40914460 0.00000000
-0.80820890 -0.37518110 0.45391370 0.00000000
0.29767930 0.87051600 0.01643569 1.00000000

0.11498510 0.75611620 0.64425670 0.00000000
0.58413290 -0.57604410 0.57180570 0.00000000
-0.80347210 -0.31058240 0.50790880 0.00000000
0.28954880 0.84286800 -0.02089347 1.00000000

0.15568630 0.98682860 0.04393896 0.00000000
0.00503335 -0.04527334 0.99896190 0.00000000
-0.98779370 0.15530330 0.01201560 0.00000000
0.33963850 0.80515150 0.06787147 1.00000000

0.49496930 0.86801820 0.03936966 0.00000000
-0.00745651 -0.04106457 0.99912880 0.00000000
-0.86887840 0.49483130 0.01385337 0.00000000
0.33266360 0.76094140 0.06590297 1.00000000

0.72985480 0.68151000 0.05344102 0.00000000
-0.02840305 -0.04787635 0.99844950 0.00000000
-0.68301190 0.73024090 0.01558578 0.00000000
0.31334770 0.72706760 0.06436660 1.00000000

0.32971500 0.94233800 -0.05733270 0.00000000
-0.03436897 0.07266925 0.99676360 0.00000000
-0.94345490 0.32667720 -0.05634727 0.00000000
0.34158000 0.80986060 0.09846367 1.00000000

0.64237020 0.76502930 -0.04572982 0.00000000
-0.04220309 0.09488839 0.99459300 0.00000000
-0.76523180 0.63696650 -0.09324007 0.00000000
0.32772960 0.77027560 0.10087210 1.00000000

0.83947100 0.54330900 -0.01021928 0.00000000
-0.05122386 0.09784041 0.99388300 0.00000000
-0.54098530 0.83381210 -0.10996460 0.00000000
0.30422450 0.74228230 0.10254540 1.00000000

0.42282510 0.90286920 -0.07775640 0.00000000
-0.13433980 0.14730550 0.97992540 0.00000000
-0.89619860 0.40389130 -0.18357570 0.00000000
0.34041030 0.81976810 0.12715290 1.00000000

0.71492980 0.69708520 -0.05429201 0.00000000
-0.12773720 0.20655930 0.97005990 0.00000000
-0.68742910 0.68658950 -0.23671920 0.00000000
0.32655090 0.79017360 0.12970170 1.00000000

0.87979600 0.47525320 -0.00968778 0.00000000
-0.10873380 0.22104560 0.96918280 0.00000000
-0.46274880 0.85162970 -0.24615110 0.00000000
0.30613810 0.77027030 0.13125180 1.00000000

0.22232440 0.95246020 0.20830560 0.00000000
0.97252680 -0.20152140 -0.11653710 0.00000000
0.06901897 -0.22849180 0.97109620 0.00000000
-0.08538142 0.91944340 -0.00781283 1.00000000

0.07246887 0.96993970 -0.23230410 0.00000000
0.96678080 -0.12555680 -0.22264380 0.00000000
0.24511850 0.20845240 0.94681810 0.00000000
-0.18939960 0.47381850 -0.10527220 1.00000000

0.19232310 0.54238770 0.81781860 0.00000000
0.97268000 0.00505687 -0.23209490 0.00000000
0.13002110 -0.84011300 0.52659700 0.00000000
-0.21643660 0.11194550 -0.01860235 1.00000000

0.16657210 0.08809114 0.98208650 0.00000000
-0.98396160 -0.04961976 0.17134100 0.00000000
-0.06382453 0.99487600 -0.07841319 0.00000000
-0.25006790 0.01709867 -0.16161370 1.00000000

-0.19122290 0.98096720 -0.03372681 0.00000000
0.93682920 0.19265660 0.29194950 0.00000000
-0.29289050 -0.02423117 0.95583920 0.00000000
0.07222076 0.91706300 0.01495533 1.00000000

-0.01068877 0.92782000 -0.37287560 0.00000000
0.93710960 0.13939520 0.31999180 0.00000000
-0.34887180 0.34600490 0.87095890 0.00000000
0.16168800 0.45810050 0.03073510 1.00000000

-0.27528330 0.54238740 0.79374770 0.00000000
0.94372970 -0.00494867 0.33068080 0.00000000
-0.18328500 -0.84011420 0.51050480 0.00000000
0.16567620 0.11194170 0.16985070 1.00000000

-0.26647840 0.08809743 0.95980650 0.00000000
-0.96119050 0.04951143 -0.27140720 0.00000000
0.07143159 0.99488100 -0.07148474 0.00000000
0.21381500 0.01709491 0.03104867 1.00000000

1.00000000 0.00000000 0.00000000 0.00000000
0.00000000 1.00000000 0.00000000 0.00000000
0.00000000 0.00000000 -1.00000000 0.00000000
0.00000000 0.00000000 0.00000000 1.00000000

-0.00774597 -0.99903050 -0.04333478 0.00000000
0.98997470 -0.01377330 0.14057140 0.00000000
0.14103200 0.04181153 -0.98912170 0.00000000
-0.00816953 0.85329890 0.00594788 1.00000000

-0.01985458 -0.99864180 0.04816927 0.00000000
0.99168980 -0.01354537 0.12793680 0.00000000
0.12711060 -0.05030904 -0.99061190 0.00000000
-0.00677592 1.03303900 0.01374442 1.00000000

0.00124740 -0.99185350 -0.12737730 0.00000000
0.99324070 -0.01355539 0.11527900 0.00000000
0.11606650 0.12666010 -0.98513240 0.00000000
-0.00378832 1.18330800 0.00649620 1.00000000

-0.00925639 -0.99895900 -0.04466689 0.00000000
0.99462640 -0.01380405 0.10260460 0.00000000
0.10311440 0.04347716 -0.99371890 0.00000000
-0.00396611 1.32467500 0.02465104 1.00000000

