MeshAnim
1
24
54
30
-0.06654898 -0.99676090 -0.04515791 0.00000000
0.98663830 -0.05899272 -0.15187080 0.00000000
0.14871490 -0.05466127 0.98736840 0.00000000
-0.01196772 0.83123140 -0.02176278 1.00000000

-0.07016937 -0.98816880 -0.13637840 0.00000000
0.98491670 -0.04695463 -0.16653610 0.00000000
0.15816220 -0.14600700 0.97655870 0.00000000
0.00000538 1.01056300 -0.01363824 1.00000000

-0.02842394 -0.99891670 0.03684757 0.00000000
0.98288550 -0.03464191 -0.18093110 0.00000000
0.18201150 0.03107427 0.98280540 0.00000000
0.01056405 1.15925700 0.00688317 1.00000000

-0.03170989 -0.99841620 -0.04647390 0.00000000
0.98054590 -0.02206343 -0.19504590 0.00000000
0.19371160 -0.05175458 0.97969250 0.00000000
0.01461527 1.30163000 0.00163136 1.00000000

-0.03329544 -0.97944020 -0.19896920 0.00000000
0.99512040 -0.01398676 -0.09767240 0.00000000
0.09288131 -0.20125020 0.97512640 0.00000000
0.02121971 1.50957800 0.01131081 1.00000000

-0.00000023 -0.99983400 -0.01822772 0.00000000
0.99999990 -0.00000022 -0.00000059 0.00000000
0.00000063 -0.01822763 0.99983400 0.00000000
0.02348823 1.57631000 0.02486718 1.00000000

-0.00000034 0.23445400 -0.97212740 0.00000000
1.00000000 -0.00000031 -0.00000038 0.00000000
-0.00000037 -0.97212730 -0.23445410 0.00000000
0.02348823 1.57631000 0.02486718 1.00000000

0.98842990 0.13597980 -0.06720034 0.00000000
-0.07471306 0.05091540 -0.99590450 0.00000000
-0.13200130 0.98940260 0.06048585 0.00000000
0.02121971 1.50957800 0.01131081 1.00000000

0.48088100 0.83436130 -0.26943480 0.00000000
-0.70617640 0.55070750 0.44501290 0.00000000
0.51968110 -0.02372977 0.85403080 0.00000000
-0.14764020 1.41685300 0.02116509 1.00000000

0.12336880 0.76392990 -0.63339670 0.00000000
-0.70182100 0.51841800 0.48855960 0.00000000
0.70158930 0.38425820 0.60009880 0.00000000
-0.26953820 1.20535200 0.08946387 1.00000000

0.13705740 0.49037380 -0.86066790 0.00000000
0.61201990 0.64126560 0.46282870 0.00000000
0.77887560 -0.59018020 -0.21222840 0.00000000
-0.30425240 0.99039240 0.26769280 1.00000000

-0.01528076 0.57489910 -0.81808190 0.00000000
0.53276960 0.69704050 0.47988710 0.00000000
0.84612250 -0.42851610 -0.31694000 0.00000000
-0.29320030 0.93949370 0.40478980 1.00000000

-0.21748100 0.67128100 -0.70857890 0.00000000
0.44460110 0.71439990 0.54033600 0.00000000
0.86892590 -0.19752220 -0.45382070 0.00000000
-0.29254630 0.91488800 0.43980370 1.00000000

-0.37773710 0.69353820 -0.61344930 0.00000000
0.36969720 0.72040200 0.58680920 0.00000000
0.84890460 -0.00513117 -0.52852170 0.00000000
-0.28443830 0.88986130 0.46622100 1.00000000

-0.64811610 -0.02786165 -0.76103210 0.00000000
0.74841160 -0.20807270 -0.62975080 0.00000000
-0.14080410 -0.97771690 0.15570710 0.00000000
-0.28778230 0.98171090 0.31007010 1.00000000

-0.64946940 0.02017839 -0.76012020 0.00000000
0.66719730 0.49463410 -0.55694250 0.00000000
0.36474310 -0.86886750 -0.33471280 0.00000000
-0.25061020 0.98330900 0.35371840 1.00000000

-0.51742820 0.20332920 -0.83121930 0.00000000
0.79234370 0.48071570 -0.37563780 0.00000000
0.32320220 -0.85297720 -0.40984290 0.00000000
-0.21998180 0.98235750 0.38956490 1.00000000

-0.09632713 0.77273290 -0.62737970 0.00000000
0.61895000 0.54012670 0.57023190 0.00000000
0.77950130 -0.33338790 -0.53031170 0.00000000
-0.31789530 0.92386010 0.38979900 1.00000000

-0.28537630 0.83081000 -0.47782380 0.00000000
0.60920570 0.54212330 0.57876710 0.00000000
0.73988450 -0.12592670 -0.66084310 0.00000000
-0.31357990 0.88924160 0.41790560 1.00000000

-0.42930940 0.82996590 -0.35616070 0.00000000
0.59534930 0.55660480 0.57944010 0.00000000
0.67915590 0.03671885 -0.73307530 0.00000000
-0.30244340 0.85682000 0.43655220 1.00000000

-0.19650370 0.87416280 -0.44410160 0.00000000
0.58677640 0.46771600 0.66101130 0.00000000
0.78554430 -0.13069730 -0.60484580 0.00000000
-0.33789390 0.91110000 0.36982240 1.00000000

-0.37742780 0.88435510 -0.27470920 0.00000000
0.57709220 0.45662170 0.67709790 0.00000000
0.72423290 0.09702288 -0.68269620 0.00000000
-0.32963930 0.87437920 0.38847760 1.00000000

-0.50955620 0.84764360 -0.14782940 0.00000000
0.56940810 0.46099840 0.68062870 0.00000000
0.64507900 0.26264320 -0.71755960 0.00000000
-0.31582880 0.84201960 0.39852960 1.00000000

-0.27437990 0.89342660 -0.35567580 0.00000000
0.49737530 0.44840590 0.74266450 0.00000000
0.82300300 0.02686759 -0.56740160 0.00000000
-0.35422260 0.90177750 0.34596730 1.00000000

-0.44802420 0.87551220 -0.18097920 0.00000000
0.48840110 0.40924290 0.77070420 0.00000000
0.74882510 0.25690340 -0.61095170 0.00000000
-0.34522900 0.87249270 0.35762570 1.00000000

-0.56085810 0.82518540 -0.06713838 0.00000000
0.49515720 0.39932440 0.77159580 0.00000000
0.66351930 0.39951160 -0.63256070 0.00000000
-0.33243690 0.84749510 0.36279310 1.00000000

-0.88280130 0.14793420 0.44584460 0.00000000
0.43232630 -0.11535130 0.89430880 0.00000000
0.18372750 0.98224730 0.03787659 0.00000000
0.02121971 1.50957800 0.01131081 1.00000000

-0.28257230 0.79007680 0.54399620 0.00000000
-0.95146420 -0.30294080 -0.05424853 0.00000000
0.12193810 -0.53292210 0.83733240 0.00000000
0.16845950 1.41506800 -0.06991208 1.00000000

-0.25872970 0.94101660 0.21805320 0.00000000
-0.96592350 -0.25038020 -0.06558657 0.00000000
-0.00712183 -0.22759180 0.97373070 0.00000000
0.24008870 1.21479200 -0.20780950 1.00000000

-0.24995510 0.94032420 0.23089650 0.00000000
-0.21945440 0.17724260 -0.95938780 0.00000000
-0.94306000 -0.29047510 0.16205550 0.00000000
0.31289180 0.95000200 -0.26916690 1.00000000

-0.03604928 0.99340380 0.10885720 0.00000000
-0.31688310 0.09194398 -0.94399760 0.00000000
-0.94777930 -0.06852546 0.31147830 0.00000000
0.34748400 0.80756750 -0.26422620 1.00000000

0.28556690 0.95835630 0.00220748 0.00000000
-0.41170410 0.12475700 -0.90273770 0.00000000
-0.86541990 0.25688320 0.43018570 0.00000000
0.34902690 0.76504960 -0.26888540 1.00000000

0.50932690 0.85118220 -0.12678820 0.00000000
-0.48300080 0.16080590 -0.86072740 0.00000000
-0.71224760 0.49963050 0.49302430 0.00000000
0.33838040 0.72932010 -0.26896770 1.00000000

-0.01771593 0.78888740 -0.61428260 0.00000000
0.91763910 -0.23113030 -0.32329180 0.00000000
-0.39702000 -0.56941740 -0.71981910 0.00000000
0.31935500 0.90694670 -0.25345190 1.00000000

0.01145172 0.81185420 -0.58374790 0.00000000
0.42148930 -0.53330870 -0.73343630 0.00000000
-0.90676130 -0.23764460 -0.34829520 0.00000000
0.32037100 0.86170080 -0.21822020 1.00000000

-0.00182883 0.92624000 -0.37693060 0.00000000
0.41106080 -0.34291720 -0.84465200 0.00000000
-0.91160600 -0.15648610 -0.38011360 0.00000000
0.31983090 0.82341430 -0.19069120 1.00000000

0.08643574 0.96514060 0.24704860 0.00000000
-0.23224120 0.26066470 -0.93707940 0.00000000
-0.96881010 0.02362233 0.24667600 0.00000000
0.34641940 0.81697650 -0.29567950 1.00000000

0.40560330 0.90197380 0.14808680 0.00000000
-0.24456720 0.26319620 -0.93322810 0.00000000
-0.88072290 0.34230330 0.32734640 0.00000000
0.34254690 0.77373790 -0.30674740 1.00000000

0.62904160 0.77666190 0.03321347 0.00000000
-0.26377970 0.25344340 -0.93069150 0.00000000
-0.73125030 0.57668290 0.36429400 0.00000000
0.32671850 0.73853900 -0.31252630 1.00000000

0.24008930 0.91350810 0.32842090 0.00000000
-0.25852710 0.38626760 -0.88541570 0.00000000
-0.93569280 0.12767330 0.32890540 0.00000000
0.34144940 0.83104660 -0.32286710 1.00000000

0.54272370 0.81331500 0.20969080 0.00000000
-0.26819760 0.40440110 -0.87437410 0.00000000
-0.79594050 0.41830490 0.43760700 0.00000000
0.33136390 0.79267260 -0.33666310 1.00000000

0.73995100 0.66844930 0.07515790 0.00000000
-0.27718860 0.40481250 -0.87137440 0.00000000
-0.61289430 0.62394150 0.48482780 0.00000000
0.31150500 0.76291240 -0.34433600 1.00000000

0.33544110 0.87409160 0.35134530 0.00000000
-0.34094970 0.46031420 -0.81967320 0.00000000
-0.87819840 0.15516110 0.45242960 0.00000000
0.33412220 0.84936270 -0.34596320 1.00000000

0.62194690 0.75207250 0.21810420 0.00000000
-0.34027900 0.51042800 -0.78973010 0.00000000
-0.70526030 0.41695390 0.57337340 0.00000000
0.32312700 0.82071160 -0.35747970 1.00000000

0.78968080 0.60824750 0.08024666 0.00000000
-0.32485420 0.52549650 -0.78633530 0.00000000
-0.52045560 0.59488550 0.61256610 0.00000000
0.30536900 0.79923830 -0.36370710 1.00000000

0.04632827 0.98303010 0.17749790 0.00000000
0.99768720 -0.03668683 -0.05722256 0.00000000
-0.04973968 0.17973830 -0.98245630 0.00000000
-0.08546716 0.90007000 -0.00168186 1.00000000

-0.00283375 0.66693580 0.74511000 0.00000000
0.99889380 -0.03308647 0.03341409 0.00000000
0.04693810 0.74438030 -0.66610430 0.00000000
-0.10714250 0.44014240 -0.08472733 1.00000000

0.03566176 0.99809320 -0.05038187 0.00000000
0.99393800 -0.03017674 0.10572050 0.00000000
0.10399850 -0.05384669 -0.99311900 0.00000000
-0.10608500 0.19131650 -0.36271900 1.00000000

0.05261263 0.09052221 -0.99450400 0.00000000
-0.99706620 -0.05068220 -0.05736143 0.00000000
-0.05559614 0.99460410 0.08759023 0.00000000
-0.11232100 0.01678079 -0.35390870 1.00000000

-0.05253022 0.86159120 -0.50487760 0.00000000
0.99422990 -0.00222790 -0.10724710 0.00000000
-0.09352797 -0.50759820 -0.85650300 0.00000000
0.07166100 0.89067500 -0.02586821 1.00000000

-0.00746682 0.97574780 -0.21877140 0.00000000
0.99946570 0.00032043 -0.03268320 0.00000000
-0.03182052 -0.21889870 -0.97522890 0.00000000
0.09623849 0.48756460 0.21034750 1.00000000

-0.05418999 0.39695290 -0.91623810 0.00000000
0.99770590 -0.01576129 -0.06583676 0.00000000
-0.04057520 -0.91770390 -0.39518840 0.00000000
0.09902460 0.12352440 0.29196860 1.00000000

-0.00137489 -0.22166660 -0.97512190 0.00000000
-0.99894710 0.04502742 -0.00882730 0.00000000
0.04586392 0.97408280 -0.22149470 0.00000000
0.10850090 0.05410969 0.45219050 1.00000000

1.00000000 0.00000000 0.00000000 0.00000000
0.00000000 1.00000000 0.00000000 0.00000000
0.00000000 0.00000000 1.00000000 0.00000000
0.00000000 0.00000000 0.00000000 1.00000000

-0.06743452 -0.99655410 -0.04829907 0.00000000
0.98726280 -0.05965759 -0.14748950 0.00000000
0.14409980 -0.05762970 0.98788370 0.00000000
-0.01212704 0.82278780 0.04433877 1.00000000

-0.07008933 -0.98772560 -0.13959200 0.00000000
0.98573890 -0.04711685 -0.16155140 0.00000000
0.15299140 -0.14892420 0.97694180 0.00000000
0.00000538 1.00208200 0.05302846 1.00000000

-0.02882585 -0.99901480 0.03374685 0.00000000
0.98391030 -0.03431295 -0.17533710 0.00000000
0.17632230 0.02814970 0.98393000 0.00000000
0.01055200 1.15070900 0.07403342 1.00000000

-0.03116622 -0.99827930 -0.04967339 0.00000000
0.98177840 -0.02125474 -0.18883710 0.00000000
0.18745640 -0.05465356 0.98075150 0.00000000
0.01466050 1.29309700 0.06922355 1.00000000

-0.03238031 -0.97914530 -0.20056490 0.00000000
0.99543010 -0.01355615 -0.09452750 0.00000000
0.08983724 -0.20270910 0.97510950 0.00000000
0.02115171 1.50101600 0.07956938 1.00000000

-0.00000001 -0.99983390 -0.01822796 0.00000000
1.00000000 -0.00000001 -0.00000083 0.00000000
0.00000086 -0.01822791 0.99983410 0.00000000
0.02335788 1.56772800 0.09323449 1.00000000

-0.00000076 0.23445430 -0.97212740 0.00000000
1.00000000 -0.00000005 -0.00000081 0.00000000
-0.00000023 -0.97212730 -0.23445430 0.00000000
0.02335788 1.56772800 0.09323449 1.00000000

0.98898380 0.13596440 -0.05852301 0.00000000
-0.06646979 0.05465875 -0.99629030 0.00000000
-0.13226110 0.98920490 0.06309420 0.00000000
0.02115171 1.50101600 0.07956938 1.00000000

0.51574220 0.83189830 -0.20482950 0.00000000
-0.71156540 0.54908080 0.43838950 0.00000000
0.47716320 -0.08034629 0.87513420 0.00000000
-0.14780590 1.40830000 0.08768135 1.00000000

0.07880814 0.75258100 -0.65376720 0.00000000
-0.70834610 0.50372670 0.49447540 0.00000000
0.70145230 0.42412450 0.57278540 0.00000000
-0.27854100 1.19742300 0.13960340 1.00000000

0.13429820 0.51242790 -0.84816400 0.00000000
0.60460030 0.63577470 0.47984280 0.00000000
0.78512570 -0.57724210 -0.22443080 0.00000000
-0.30071640 0.98565740 0.32356430 1.00000000

-0.05832079 0.56130000 -0.82555540 0.00000000
0.51112320 0.72714020 0.45827930 0.00000000
0.85752640 -0.39523330 -0.32930090 0.00000000
-0.28949310 0.93155630 0.45941540 1.00000000

-0.26226130 0.65024200 -0.71302520 0.00000000
0.42356850 0.74147370 0.52039070 0.00000000
0.86706910 -0.16553680 -0.46988200 0.00000000
-0.28699700 0.90753270 0.49474930 1.00000000

-0.42129860 0.66678740 -0.61473780 0.00000000
0.34947390 0.74484120 0.56840120 0.00000000
0.83688430 0.02463184 -0.54682530 0.00000000
-0.27721940 0.88329040 0.52133230 1.00000000

-0.64599410 -0.01569521 -0.76318120 0.00000000
0.75191530 -0.18542970 -0.63264480 0.00000000
-0.13158690 -0.98253230 0.13158780 0.00000000
-0.28426300 0.97611080 0.36576170 1.00000000

-0.64782040 0.03229319 -0.76110850 0.00000000
0.66364500 0.51447890 -0.54303530 0.00000000
0.37403800 -0.85689510 -0.35472110 0.00000000
-0.24721260 0.97701100 0.40953320 1.00000000

-0.51741120 0.21839290 -0.82739990 0.00000000
0.78848870 0.49738420 -0.36179350 0.00000000
0.33252250 -0.83959140 -0.42955260 0.00000000
-0.21666210 0.97548820 0.44542640 1.00000000

-0.14282000 0.75837300 -0.63598230 0.00000000
0.60074690 0.57708850 0.55323810 0.00000000
0.78657860 -0.30305090 -0.53800990 0.00000000
-0.31399780 0.91605140 0.44398540 1.00000000

-0.33217440 0.80941410 -0.48426180 0.00000000
0.59104720 0.57873510 0.56189760 0.00000000
0.73506690 -0.09957345 -0.67064300 0.00000000
-0.30759940 0.88207640 0.47247740 1.00000000

-0.47405470 0.80337850 -0.36035480 0.00000000
0.57652180 0.59254400 0.56259610 0.00000000
0.66550340 0.05894877 -0.74406350 0.00000000
-0.29463680 0.85048970 0.49137520 1.00000000

-0.24478000 0.85590080 -0.45554020 0.00000000
0.56728140 0.50744780 0.64860550 0.00000000
0.78630450 -0.09965393 -0.60974950 0.00000000
-0.33382270 0.90358580 0.42365290 1.00000000

-0.42461180 0.85944100 -0.28472130 0.00000000
0.55831100 0.49612360 0.66494380 0.00000000
0.71273670 0.12337990 -0.69049560 0.00000000
-0.32354010 0.86763200 0.44278870 1.00000000

-0.55364650 0.81798470 -0.15613060 0.00000000
0.55044080 0.50015520 0.66847590 0.00000000
0.62489240 0.28415870 -0.72716140 0.00000000
-0.30800320 0.83618430 0.45320700 1.00000000

-0.31503680 0.87190210 -0.37488530 0.00000000
0.47583710 0.48687170 0.73248570 0.00000000
0.82117660 0.05237553 -0.56826600 0.00000000
-0.35000220 0.89468630 0.39953620 1.00000000

-0.48775940 0.84981760 -0.19975310 0.00000000
0.46866130 0.44795620 0.76137520 0.00000000
0.73651050 0.27775120 -0.61677140 0.00000000
-0.33967600 0.86610720 0.41182410 1.00000000

-0.59821430 0.79683810 -0.08478768 0.00000000
0.47586610 0.43838100 0.76247870 0.00000000
0.64474120 0.41577790 -0.64143410 0.00000000
-0.32574940 0.84184310 0.41752740 1.00000000

-0.88657550 0.14683000 0.43866290 0.00000000
0.42478030 -0.11705180 0.89769760 0.00000000
0.18315510 0.98221190 0.04140471 0.00000000
0.02115171 1.50101600 0.07956938 1.00000000

-0.29983040 0.74919860 0.59059610 0.00000000
-0.94223080 -0.32947530 -0.06039166 0.00000000
0.14934150 -0.57458510 0.80470450 0.00000000
0.16909640 1.40670400 -0.00059597 1.00000000

-0.25854560 0.95347630 0.15504080 0.00000000
-0.96517720 -0.24835680 -0.08217158 0.00000000
-0.03984318 -0.17088700 0.98448490 0.00000000
0.24510040 1.21679000 -0.15030590 1.00000000

-0.26140190 0.93649080 0.23378350 0.00000000
-0.18271190 0.18981770 -0.96466900 0.00000000
-0.94777930 -0.29488120 0.12148920 0.00000000
0.31785170 0.94849410 -0.19393250 1.00000000

-0.04979833 0.99017480 0.13067050 0.00000000
-0.27939820 0.11179810 -0.95364460 0.00000000
-0.95888340 -0.08399899 0.27108560 0.00000000
0.35263720 0.80608730 -0.18958920 1.00000000

0.27427180 0.96093450 0.03715552 0.00000000
-0.37612810 0.14275420 -0.91550510 0.00000000
-0.88504420 0.23712190 0.40058770 0.00000000
0.35476850 0.76370780 -0.19518190 1.00000000

0.50271370 0.86034550 -0.08417290 0.00000000
-0.44945830 0.17696050 -0.87559860 0.00000000
-0.73842170 0.47800740 0.47564970 0.00000000
0.34454320 0.72788200 -0.19656720 1.00000000

0.00377198 0.79716330 -0.60375250 0.00000000
0.93011300 -0.22453080 -0.29064770 0.00000000
-0.36725470 -0.56046150 -0.74229870 0.00000000
0.32382640 0.90524360 -0.17856450 1.00000000

0.03167120 0.81977960 -0.57180330 0.00000000
0.45106200 -0.52224370 -0.72374370 0.00000000
-0.89193070 -0.23499690 -0.38631130 0.00000000
0.32361010 0.85952290 -0.14393680 1.00000000

0.01007599 0.93129710 -0.36412220 0.00000000
0.44439230 -0.33037540 -0.83268730 0.00000000
-0.89577600 -0.15342290 -0.41718980 0.00000000
0.32211650 0.82086280 -0.11697110 1.00000000

0.06911467 0.95947300 0.27319460 0.00000000
-0.19470030 0.28155680 -0.93958410 0.00000000
-0.97842480 0.01174786 0.20626930 0.00000000
0.35276220 0.81592290 -0.22092970 1.00000000

0.39067640 0.90135410 0.18690430 0.00000000
-0.20718950 0.28393130 -0.93619240 0.00000000
-0.89690840 0.32702360 0.29767610 0.00000000
0.34966580 0.77293810 -0.23316890 1.00000000

0.61832500 0.78189890 0.07942966 0.00000000
-0.22635860 0.27395870 -0.93472400 0.00000000
-0.75261970 0.55998330 0.34638490 0.00000000
0.33441990 0.73776340 -0.24046260 1.00000000

0.21599850 0.90667340 0.36233750 0.00000000
-0.22213620 0.40699860 -0.88600720 0.00000000
-0.95078950 0.11088790 0.28931600 0.00000000
0.34880640 0.83035120 -0.24809580 1.00000000

0.52289050 0.81313480 0.25573110 0.00000000
-0.23251030 0.42469550 -0.87497060 0.00000000
-0.82007620 0.39805350 0.41113110 0.00000000
0.33973290 0.79226440 -0.26331660 1.00000000

0.72640370 0.67530180 0.12769360 0.00000000
-0.24163800 0.42488660 -0.87240080 0.00000000
-0.64338900 0.60285940 0.47181760 0.00000000
0.32059970 0.76251080 -0.27267410 1.00000000

0.31332320 0.86618960 0.38928740 0.00000000
-0.30634520 0.48020560 -0.82192220 0.00000000
-0.89887790 0.13827080 0.41581240 0.00000000
0.34232480 0.84896390 -0.27120770 1.00000000

0.60475960 0.75031210 0.26701670 0.00000000
-0.30754340 0.52928770 -0.79074140 0.00000000
-0.73463120 0.39608920 0.55084510 0.00000000
0.33205460 0.82057180 -0.28396780 1.00000000

0.77868670 0.61284420 0.13442200 0.00000000
-0.29257660 0.54421410 -0.78627660 0.00000000
-0.55501910 0.57293420 0.60307590 0.00000000
0.31478740 0.79914880 -0.29159170 1.00000000

0.04744294 0.99016780 0.13159470 0.00000000
0.99775060 -0.04073046 -0.05324110 0.00000000
-0.04735772 0.13382460 -0.98987310 0.00000000
-0.08564267 0.89165070 0.06427649 1.00000000

-0.00404523 0.57229940 0.82003500 0.00000000
0.99870230 -0.03931933 0.03236746 0.00000000
0.05076705 0.81910180 -0.57139770 0.00000000
-0.10783950 0.42838360 0.00270760 1.00000000

0.04024708 0.99596010 0.08027551 0.00000000
0.99340840 -0.04851481 0.10385480 0.00000000
0.10732970 0.07556655 -0.99134780 0.00000000
-0.10633010 0.21486560 -0.30323780 1.00000000

0.05595217 0.30319330 -0.95128540 0.00000000
-0.99671750 -0.03887141 -0.07101350 0.00000000
-0.05850860 0.95213610 0.30002320 0.00000000
-0.11336790 0.04070282 -0.31727540 1.00000000

-0.05404195 0.84886950 -0.52583330 0.00000000
0.99408070 -0.00396856 -0.10857210 0.00000000
-0.09425038 -0.52858820 -0.84363030 0.00000000
0.07158493 0.88214990 0.04078789 1.00000000

-0.00576332 0.99988580 -0.01399356 0.00000000
0.99971930 0.00543962 -0.02306082 0.00000000
-0.02298214 -0.01412265 -0.99963640 0.00000000
0.09686972 0.48499160 0.28680810 1.00000000

-0.03227844 0.54238430 -0.83951050 0.00000000
0.99911610 -0.00512230 -0.04172450 0.00000000
-0.02693097 -0.84011530 -0.54173960 0.00000000
0.09902027 0.11194570 0.29202890 1.00000000

0.02439902 0.01501558 -0.99958990 0.00000000
-0.99856190 0.04811114 -0.02365129 0.00000000
0.04773626 0.99872980 0.01616808 0.00000000
0.10466500 0.01709944 0.43883350 1.00000000

1.00000000 0.00000000 0.00000000 0.00000000
0.00000000 1.00000000 0.00000000 0.00000000
0.00000000 0.00000000 1.00000000 0.00000000
0.00000000 0.00000000 0.00000000 1.00000000

-0.06505045 -0.99619730 -0.05796015 0.00000000
0.98935350 -0.05680802 -0.13398690 0.00000000
0.13018480 -0.06605899 0.98928670 0.00000000
-0.01169813 0.81805680 0.10926720 1.00000000

-0.06640863 -0.98656950 -0.14923340 0.00000000
0.98824810 -0.04439624 -0.14626910 0.00000000
0.13767920 -0.15719320 0.97792380 0.00000000
0.00000537 0.99728670 0.11969510 1.00000000

-0.02820051 -0.99929820 0.02465549 0.00000000
0.98688200 -0.03175557 -0.15828920 0.00000000
0.15896110 0.01986820 0.98708500 0.00000000
0.00999815 1.14574000 0.14215080 1.00000000

-0.02928042 -0.99784150 -0.05877804 0.00000000
0.98525610 -0.01889493 -0.17003940 0.00000000
0.16856180 -0.06289025 0.98368280 0.00000000
0.01401751 1.28816800 0.13863680 1.00000000

-0.02953925 -0.97829590 -0.20509630 0.00000000
0.99630320 -0.01225750 -0.08502640 0.00000000
0.08066703 -0.20684980 0.97504170 0.00000000
0.02011596 1.49599600 0.15087890 1.00000000

-0.00000037 -0.99983390 -0.01822822 0.00000000
0.99999990 -0.00000035 -0.00000052 0.00000000
0.00000054 -0.01822821 0.99983400 0.00000000
0.02212855 1.56265000 0.16485270 1.00000000

-0.00000038 0.23445450 -0.97212730 0.00000000
0.99999990 -0.00000039 -0.00000047 0.00000000
-0.00000048 -0.97212710 -0.23445450 0.00000000
0.02212855 1.56265000 0.16485270 1.00000000

0.99020290 0.13582720 -0.03239522 0.00000000
-0.04159427 0.06544271 -0.99698930 0.00000000
-0.13329820 0.98856890 0.07045096 0.00000000
0.02011596 1.49599600 0.15087890 1.00000000

0.52953800 0.84216940 -0.10168860 0.00000000
-0.73754630 0.51630890 0.43525960 0.00000000
0.41906510 -0.15548660 0.89454380 0.00000000
-0.14903770 1.40332800 0.15377800 1.00000000

0.04968405 0.77266670 -0.63286520 0.00000000
-0.73358610 0.45823500 0.50186880 0.00000000
0.67777820 0.43932590 0.58958440 0.00000000
-0.28326970 1.18984700 0.17955500 1.00000000

0.13597800 0.57700660 -0.80534070 0.00000000
0.57570180 0.61553710 0.53822150 0.00000000
0.80627410 -0.53682230 -0.24848400 0.00000000
-0.29725020 0.97242990 0.35763430 1.00000000

-0.13970280 0.53510140 -0.83315690 0.00000000
0.44042160 0.78717640 0.43172080 0.00000000
0.88685550 -0.30662750 -0.34564060 0.00000000
-0.28714830 0.90882050 0.48939260 1.00000000

-0.34920920 0.60368450 -0.71667190 0.00000000
0.35341620 0.79318960 0.49593130 0.00000000
0.86784240 -0.08009966 -0.49034070 0.00000000
-0.28116910 0.88591810 0.52505180 1.00000000

-0.50658260 0.60488430 -0.61440180 0.00000000
0.28062400 0.78947810 0.54587030 0.00000000
0.81524520 0.10411250 -0.56968090 0.00000000
-0.26814990 0.86341160 0.55177070 1.00000000

-0.62982020 0.02229124 -0.77642150 0.00000000
0.76962040 -0.11713610 -0.62766610 0.00000000
-0.10493850 -0.99286600 0.05661880 0.00000000
-0.28136910 0.96027260 0.39937720 1.00000000

-0.63311300 0.06992649 -0.77089510 0.00000000
0.65880970 0.57152000 -0.48921930 0.00000000
0.40637240 -0.81760380 -0.40790480 0.00000000
-0.24524640 0.95899420 0.44390810 1.00000000

-0.50699000 0.26399780 -0.82052840 0.00000000
0.78044980 0.54466410 -0.30698510 0.00000000
0.36586900 -0.79601940 -0.48217630 0.00000000
-0.21538940 0.95569650 0.48026290 1.00000000

-0.23267390 0.72524490 -0.64798400 0.00000000
0.53659740 0.65141090 0.53640270 0.00000000
0.81112690 -0.22289930 -0.54073070 0.00000000
-0.31086730 0.89380840 0.47233340 1.00000000

-0.42528310 0.75755730 -0.49521910 0.00000000
0.52684740 0.65212150 0.54513290 0.00000000
0.73591210 -0.02906905 -0.67645310 0.00000000
-0.30044350 0.86131740 0.50136300 1.00000000

-0.56452960 0.73797230 -0.36973510 0.00000000
0.51086600 0.66422080 0.54573570 0.00000000
0.64832320 0.11919890 -0.75197670 0.00000000
-0.28384730 0.83175460 0.52068840 1.00000000

-0.33290200 0.81190870 -0.47956330 0.00000000
0.49971160 0.58318600 0.64045510 0.00000000
0.79966560 -0.02643460 -0.59986380 0.00000000
-0.32990150 0.88231860 0.45071130 1.00000000

-0.51402310 0.79959800 -0.31052260 0.00000000
0.49186170 0.57133800 0.65699730 0.00000000
0.70274700 0.18497750 -0.68697230 0.00000000
-0.31591730 0.84821270 0.47085640 1.00000000

-0.63916840 0.74720250 -0.18208030 0.00000000
0.48355130 0.57455360 0.66035350 0.00000000
0.59803220 0.33403200 -0.72854700 0.00000000
-0.29710860 0.81895450 0.48221860 1.00000000

-0.38539350 0.82371250 -0.41589670 0.00000000
0.40479630 0.55594920 0.72598970 0.00000000
0.82922410 0.11143830 -0.54769470 0.00000000
-0.34532300 0.87476480 0.42565700 1.00000000

-0.56043300 0.79121530 -0.24473200 0.00000000
0.40049980 0.51756080 0.75612910 0.00000000
0.72492440 0.32574440 -0.60693970 0.00000000
-0.33269060 0.84776510 0.43928930 1.00000000

-0.66874790 0.73188690 -0.13083650 0.00000000
0.40854970 0.50877060 0.75778630 0.00000000
0.62117950 0.45331490 -0.63925130 0.00000000
-0.31668910 0.82517430 0.44627680 1.00000000

-0.89759400 0.14376770 0.41672060 0.00000000
0.40185450 -0.12174330 0.90757450 0.00000000
0.18121280 0.98209430 0.05150231 0.00000000
0.02011596 1.49599600 0.15087890 1.00000000

-0.32133170 0.73639750 0.59536950 0.00000000
-0.93669220 -0.33953300 -0.08558971 0.00000000
0.13911960 -0.58518050 0.79888050 0.00000000
0.17013570 1.40223500 0.07399072 1.00000000

-0.25354010 0.96340730 0.08697057 0.00000000
-0.96263180 -0.24244210 -0.12067350 0.00000000
-0.09517240 -0.11431630 0.98887530 0.00000000
0.25159000 1.21556600 -0.07692927 1.00000000

-0.27984610 0.93917660 0.19908230 0.00000000
-0.11839620 0.17202350 -0.97795240 0.00000000
-0.95271670 -0.29724660 0.06305481 0.00000000
0.32293290 0.94447550 -0.10140170 1.00000000

-0.08875436 0.98866390 0.12110580 0.00000000
-0.21551060 0.09964492 -0.97140450 0.00000000
-0.97246000 -0.11231600 0.20422360 0.00000000
0.35786310 0.80233480 -0.09220934 1.00000000

0.23279500 0.97105090 0.05354548 0.00000000
-0.31561820 0.12751360 -0.94027980 0.00000000
-0.91988710 0.20199220 0.33616580 0.00000000
0.36166190 0.76002000 -0.09739269 1.00000000

0.46535550 0.88387330 -0.04703514 0.00000000
-0.39277980 0.15859210 -0.90585510 0.00000000
-0.79320160 0.44001910 0.42096920 0.00000000
0.35298270 0.72381710 -0.09938900 1.00000000

0.04131149 0.78648040 -0.61623250 0.00000000
0.94829030 -0.22512600 -0.22374990 0.00000000
-0.31470490 -0.57512340 -0.75511210 0.00000000
0.32802120 0.90152980 -0.08490171 1.00000000

0.06692715 0.80978590 -0.58289620 0.00000000
0.50038990 -0.53266680 -0.68255150 0.00000000
-0.86320990 -0.24599410 -0.44085850 0.00000000
0.32565190 0.85642170 -0.04955822 1.00000000

0.03107278 0.92481730 -0.37914120 0.00000000
0.50033720 -0.34276940 -0.79509280 0.00000000
-0.86527310 -0.16499250 -0.47337120 0.00000000
0.32249560 0.81823300 -0.02206938 1.00000000

0.02686091 0.96166450 0.27291080 0.00000000
-0.13091630 0.27404210 -0.95276550 0.00000000
-0.99102970 -0.01013624 0.13325850 0.00000000
0.36005080 0.81162050 -0.12364120 1.00000000

0.34617960 0.91362200 0.21320130 0.00000000
-0.14365230 0.27619300 -0.95030630 0.00000000
-0.92710520 0.29834970 0.22685630 0.00000000
0.35884730 0.76853760 -0.13586770 1.00000000

0.57737600 0.80657410 0.12678850 0.00000000
-0.16234740 0.26559830 -0.95031650 0.00000000
-0.80017540 0.52810610 0.28429530 0.00000000
0.34533790 0.73288430 -0.14418770 1.00000000

0.15373400 0.91163210 0.38117300 0.00000000
-0.16042480 0.40366830 -0.90073110 0.00000000
-0.97500260 0.07732330 0.20830590 0.00000000
0.35787080 0.82555220 -0.15126340 1.00000000

0.46303570 0.83270010 0.30365890 0.00000000
-0.17243730 0.42068450 -0.89066870 0.00000000
-0.86940420 0.36004900 0.33838040 0.00000000
0.35141290 0.78725710 -0.16727550 1.00000000

0.67581300 0.71011320 0.19752520 0.00000000
-0.18175690 0.42026530 -0.88901190 0.00000000
-0.71431200 0.56490410 0.41308870 0.00000000
0.33446980 0.75678750 -0.17838670 1.00000000

0.25604440 0.87069550 0.41991780 0.00000000
-0.24719500 0.47893020 -0.84233090 0.00000000
-0.93452470 0.11187240 0.33785890 0.00000000
0.35288400 0.84372610 -0.17508450 1.00000000

0.55188540 0.76753550 0.32605490 0.00000000
-0.25307550 0.52670300 -0.81150330 0.00000000
-0.79459170 0.36534010 0.48492400 0.00000000
0.34449140 0.81518630 -0.18884860 1.00000000

0.73538770 0.64320560 0.21328810 0.00000000
-0.23975420 0.54134960 -0.80589040 0.00000000
-0.63381650 0.54150490 0.55231300 0.00000000
0.32873380 0.79327140 -0.19815820 1.00000000

0.05092822 0.99869940 -0.00247946 0.00000000
0.99779280 -0.05098761 -0.04254251 0.00000000
-0.04261362 -0.00030736 -0.99909170 0.00000000
-0.08560576 0.88662650 0.12876140 1.00000000

-0.00366200 0.47101960 0.88211540 0.00000000
0.99820140 -0.05106232 0.03140953 0.00000000
0.05983736 0.88064380 -0.46998540 0.00000000
-0.10943330 0.41936770 0.12992140 1.00000000

0.04175890 0.93670280 0.34762670 0.00000000
0.99179320 -0.08094315 0.09896677 0.00000000
0.12084040 0.34064110 -0.93239570 0.00000000
-0.10806680 0.24363600 -0.19918530 1.00000000

0.06501108 0.70856130 -0.70264860 0.00000000
-0.99476050 -0.00965902 -0.10177850 0.00000000
-0.07890315 0.70558330 0.70422080 0.00000000
-0.11536900 0.07983541 -0.25997450 1.00000000

-0.05492289 0.84964600 -0.52448540 0.00000000
0.99453510 -0.00015870 -0.10440240 0.00000000
-0.08878835 -0.52735320 -0.84499410 0.00000000
0.07195481 0.87757950 0.10742320 1.00000000

-0.00365832 0.98665540 0.16278040 0.00000000
0.99967240 0.00773218 -0.02440023 0.00000000
-0.02533327 0.16263790 -0.98636050 0.00000000
0.09765177 0.48005790 0.35281270 1.00000000

-0.03394606 0.54238080 -0.83944670 0.00000000
0.99903220 -0.00509101 -0.04368884 0.00000000
-0.02796962 -0.84011730 -0.54168310 0.00000000
0.09901696 0.11194810 0.29208120 1.00000000

0.02243216 0.08808103 -0.99586060 0.00000000
-0.99860240 0.04965287 -0.01810223 0.00000000
0.04785286 0.99487500 0.08907177 0.00000000
0.10495330 0.01710254 0.43887470 1.00000000

1.00000000 0.00000000 0.00000000 0.00000000
0.00000000 1.00000000 0.00000000 0.00000000
0.00000000 0.00000000 1.00000000 0.00000000
0.00000000 0.00000000 0.00000000 1.00000000

-0.05838772 -0.99575920 -0.07109654 0.00000000
0.99250820 -0.05024549 -0.11136830 0.00000000
0.10732370 -0.07706654 0.99123280 0.00000000
-0.01049942 0.81816380 0.17357050 1.00000000

-0.05824585 -0.98503010 -0.16224460 0.00000000
0.99192330 -0.03876121 -0.12077120 0.00000000
0.11267440 -0.16796880 0.97933200 0.00000000
0.00000536 0.99731490 0.18636180 1.00000000

-0.02569278 -0.99959160 0.01252095 0.00000000
0.99115070 -0.02710352 -0.12994440 0.00000000
0.13023070 0.00907141 0.99144230 0.00000000
0.00876984 1.14553600 0.21077540 1.00000000

-0.02531926 -0.99716850 -0.07081083 0.00000000
0.99019090 -0.01527976 -0.13888290 0.00000000
0.13740770 -0.07363278 0.98777400 0.00000000
0.01243179 1.28800600 0.20899080 1.00000000

-0.02458377 -0.97716250 -0.21106700 0.00000000
0.99754170 -0.01011865 -0.06934184 0.00000000
0.06562254 -0.21225290 0.97500900 0.00000000
0.01770522 1.49569400 0.22373910 1.00000000

-0.00000071 -0.99983390 -0.01822829 0.00000000
0.99999990 -0.00000070 -0.00000084 0.00000000
0.00000084 -0.01822838 0.99983390 0.00000000
0.01938018 1.56227100 0.23811980 1.00000000

-0.00000064 0.23445470 -0.97212720 0.00000000
0.99999990 -0.00000075 -0.00000081 0.00000000
-0.00000091 -0.97212730 -0.23445460 0.00000000
0.01938018 1.56227100 0.23811980 1.00000000

0.99072450 0.13549980 0.01025557 0.00000000
-0.00067648 0.08038688 -0.99676370 0.00000000
-0.13588550 0.98751130 0.07973271 0.00000000
0.01770522 1.49569400 0.22373910 1.00000000

0.51858780 0.85442380 0.03205150 0.00000000
-0.78034910 0.45764230 0.42616800 0.00000000
0.34945990 -0.24601710 0.90407630 0.00000000
-0.15144270 1.40312900 0.21831400 1.00000000

0.03932262 0.82027120 -0.57062220 0.00000000
-0.77500920 0.38550020 0.50074990 0.00000000
0.63072540 0.42254660 0.65087650 0.00000000
-0.28289910 1.18654200 0.21018930 1.00000000

0.15480230 0.65297910 -0.74138740 0.00000000
0.52536020 0.58112510 0.62152310 0.00000000
0.83668000 -0.48570860 -0.25308950 0.00000000
-0.29396380 0.95572950 0.37075450 1.00000000

-0.15167490 0.54366870 -0.82548150 0.00000000
0.36069990 0.80799480 0.46587620 0.00000000
0.92026670 -0.22708940 -0.31865350 0.00000000
-0.28812580 0.88056980 0.49655340 1.00000000

-0.37002200 0.59258220 -0.71549340 0.00000000
0.27123720 0.80551010 0.52686290 0.00000000
0.88854630 0.00088240 -0.45878650 0.00000000
-0.28163410 0.85730080 0.53188400 1.00000000

-0.53057220 0.57880010 -0.61926140 0.00000000
0.19721980 0.79481610 0.57390990 0.00000000
0.82437740 0.18237010 -0.53585770 0.00000000
-0.26783900 0.83520820 0.55855900 1.00000000

-0.59075830 0.07394571 -0.80345340 0.00000000
0.80368630 -0.03415458 -0.59407280 0.00000000
-0.07137077 -0.99667780 -0.03925195 0.00000000
-0.27974930 0.94027700 0.41200530 1.00000000

-0.59605620 0.12073810 -0.79381350 0.00000000
0.66109100 0.63489730 -0.39983100 0.00000000
0.45571500 -0.76310460 -0.45825290 0.00000000
-0.24586680 0.93603610 0.45808660 1.00000000

-0.47477490 0.32246950 -0.81890340 0.00000000
0.77440060 0.59519020 -0.21459860 0.00000000
0.41820170 -0.73604550 -0.53230170 0.00000000
-0.21775750 0.93034220 0.49552220 1.00000000

-0.24837680 0.72037300 -0.64759000 0.00000000
0.45989550 0.67608380 0.57568040 0.00000000
0.85252900 -0.15483810 -0.49921920 0.00000000
-0.31040280 0.86645330 0.47697190 1.00000000

-0.45066180 0.73608050 -0.50506490 0.00000000
0.44966790 0.67593570 0.58387540 0.00000000
0.77117010 0.03601886 -0.63560970 0.00000000
-0.29927550 0.83418050 0.50598380 1.00000000

-0.59467490 0.70429690 -0.38772200 0.00000000
0.43286280 0.68687890 0.58380460 0.00000000
0.67748950 0.17934360 -0.71333320 0.00000000
-0.28168880 0.80545570 0.52569350 1.00000000

-0.33351330 0.80154880 -0.49627520 0.00000000
0.42270630 0.59767590 0.68125130 0.00000000
0.84266770 0.01742765 -0.53815230 0.00000000
-0.32790480 0.85641240 0.45342000 1.00000000

-0.52600460 0.77892380 -0.34146450 0.00000000
0.41420060 0.58528240 0.69705310 0.00000000
0.74280380 0.22521850 -0.63049160 0.00000000
-0.31389490 0.82274170 0.47426710 1.00000000

-0.65783490 0.71931000 -0.22326470 0.00000000
0.40552170 0.58807370 0.69980150 0.00000000
0.63467000 0.36981520 -0.67855100 0.00000000
-0.29464780 0.79424010 0.48676150 1.00000000

-0.37529030 0.81720110 -0.43742470 0.00000000
0.32644520 0.55821130 0.76278050 0.00000000
0.86752000 0.14346910 -0.47626250 0.00000000
-0.34177350 0.85072060 0.42700310 1.00000000

-0.56269400 0.77721460 -0.28162700 0.00000000
0.32088090 0.51931730 0.79205140 0.00000000
0.76184730 0.35531400 -0.54160980 0.00000000
-0.32947230 0.82393450 0.44134100 1.00000000

-0.67810040 0.71316780 -0.17768680 0.00000000
0.32903590 0.51075120 0.79427240 0.00000000
0.65720290 0.48013120 -0.58099830 0.00000000
-0.31340630 0.80174330 0.44938200 1.00000000

-0.91452820 0.13986910 0.37957160 0.00000000
0.36362220 -0.12690130 0.92286240 0.00000000
0.17724810 0.98200450 0.06519523 0.00000000
0.01770522 1.49569400 0.22373910 1.00000000

-0.34954550 0.74813480 0.56401460 0.00000000
-0.93190970 -0.33979170 -0.12683220 0.00000000
0.09675991 -0.56994440 0.81596670 0.00000000
0.17097580 1.40263200 0.15263090 1.00000000

-0.24122190 0.97045030 0.00620753 0.00000000
-0.95518860 -0.23628830 -0.17827730 0.00000000
-0.17154220 -0.04893397 0.98396080 0.00000000
0.25958210 1.21298800 0.00965905 1.00000000

-0.30064330 0.94562240 0.12414610 0.00000000
-0.02679191 0.12174330 -0.99220010 0.00000000
-0.95336040 -0.30162470 -0.01126642 0.00000000
0.32745870 0.93991530 0.00791228 1.00000000

-0.14787940 0.98813990 0.04136967 0.00000000
-0.12867180 0.02225162 -0.99143770 0.00000000
-0.98059960 -0.15193660 0.12385500 0.00000000
0.36188210 0.79871060 0.02752911 1.00000000

0.16171640 0.98680430 0.00810729 0.00000000
-0.23256850 0.04609457 -0.97148740 0.00000000
-0.95904140 0.15521960 0.23695350 0.00000000
0.36821150 0.75641800 0.02575846 1.00000000

0.39253690 0.91781820 -0.05937231 0.00000000
-0.31430260 0.07319499 -0.94649720 0.00000000
-0.86436620 0.39019570 0.31720410 0.00000000
0.36218230 0.71962770 0.02545622 1.00000000

0.09609272 0.75488440 -0.64878060 0.00000000
0.96589300 -0.22817220 -0.12242720 0.00000000
-0.24045220 -0.61488840 -0.75106290 0.00000000
0.33113140 0.89789550 0.02697323 1.00000000

0.11838610 0.78004560 -0.61442180 0.00000000
0.56409020 -0.56206380 -0.60488560 0.00000000
-0.81718250 -0.27497960 -0.50655660 0.00000000
0.32561990 0.85459970 0.06418354 1.00000000

0.06317259 0.90485410 -0.42100960 0.00000000
0.57390990 -0.37805950 -0.72642850 0.00000000
-0.81647860 -0.19573150 -0.54318760 0.00000000
0.32003700 0.81781330 0.09315909 1.00000000

-0.03551696 0.97755020 0.20768850 0.00000000
-0.04592631 0.20600370 -0.97747340 0.00000000
-0.99831340 -0.04425563 0.03757844 0.00000000
0.36697410 0.80642520 -0.00399117 1.00000000

0.27242040 0.94430380 0.18460260 0.00000000
-0.05888241 0.20786120 -0.97638480 0.00000000
-0.96037510 0.25511710 0.11222830 0.00000000
0.36856520 0.76263070 -0.01329568 1.00000000

0.50133610 0.85506960 0.13235810 0.00000000
-0.07649647 0.19617270 -0.97758120 0.00000000
-0.86186470 0.47997130 0.16375800 0.00000000
0.35793410 0.72578000 -0.02049968 1.00000000

0.05597400 0.93829810 0.34126830 0.00000000
-0.08057944 0.34493470 -0.93516180 0.00000000
-0.99517550 0.02484526 0.09491470 0.00000000
0.36734380 0.81893460 -0.03236730 1.00000000

0.35941950 0.88144970 0.30637330 0.00000000
-0.09484747 0.36111850 -0.92768400 0.00000000
-0.92834380 0.30436870 0.21339600 0.00000000
0.36499240 0.77951930 -0.04670303 1.00000000

0.57747750 0.78094460 0.23800410 0.00000000
-0.10418670 0.35963700 -0.92725750 0.00000000
-0.80973150 0.51067310 0.28904610 0.00000000
0.35184090 0.74726600 -0.05791363 1.00000000

0.16019130 0.90197800 0.40096740 0.00000000
-0.17223300 0.42552310 -0.88840660 0.00000000
-0.97194370 0.07325497 0.22351520 0.00000000
0.36454740 0.83584820 -0.05744149 1.00000000

0.45397170 0.81890350 0.35115160 0.00000000
-0.18524110 0.47223320 -0.86179010 0.00000000
-0.87154810 0.32618030 0.36607480 0.00000000
0.35929680 0.80628310 -0.07058445 1.00000000

0.64448840 0.71377800 0.27414690 0.00000000
-0.17476400 0.48656510 -0.85598620 0.00000000
-0.74437390 0.50376200 0.43832800 0.00000000
0.34633490 0.78290160 -0.08061057 1.00000000

0.05308044 0.98963520 -0.13343460 0.00000000
0.99796900 -0.05728436 -0.02786355 0.00000000
-0.03521847 -0.13168450 -0.99066590 0.00000000
-0.08520624 0.88612600 0.19212260 1.00000000

-0.00089589 0.44371200 0.89616910 0.00000000
0.99794550 -0.05701367 0.02922629 0.00000000
0.06406192 0.89435420 -0.44274930 0.00000000
-0.11004070 0.42310810 0.25455230 1.00000000

0.03719375 0.89933080 0.43568450 0.00000000
0.99031760 -0.09152261 0.10437710 0.00000000
0.13374440 0.42758390 -0.89402720 0.00000000
-0.10970620 0.25756450 -0.07979777 1.00000000

0.06673554 0.86641700 -0.49484180 0.00000000
-0.99231850 0.00585653 -0.12357230 0.00000000
-0.10416710 0.49928720 0.86015220 0.00000000
-0.11621010 0.10029920 -0.15598550 1.00000000

-0.05437341 0.87427260 -0.48238080 0.00000000
0.99540750 0.00934132 -0.09527088 0.00000000
-0.07878663 -0.48534570 -0.87076540 0.00000000
0.07285672 0.87812410 0.17438650 1.00000000

-0.00192817 0.95722960 0.28932320 0.00000000
0.99968820 0.00904753 -0.02327158 0.00000000
-0.02489393 0.28918840 -0.95694860 0.00000000
0.09829660 0.46908050 0.40007670 1.00000000

-0.03352071 0.54238080 -0.83946400 0.00000000
0.99905590 -0.00504024 -0.04314989 0.00000000
-0.02763475 -0.84011790 -0.54169950 0.00000000
0.09901631 0.11194920 0.29213360 1.00000000

0.02296494 0.08808405 -0.99584830 0.00000000
-0.99859500 0.04960223 -0.01864091 0.00000000
0.04775431 0.99487740 0.08909918 0.00000000
0.10487820 0.01710349 0.43893010 1.00000000

1.00000000 0.00000000 0.00000000 0.00000000
0.00000000 1.00000000 0.00000000 0.00000000
0.00000000 0.00000000 1.00000000 0.00000000
0.00000000 0.00000000 0.00000000 1.00000000

-0.04666302 -0.99549040 -0.08259106 0.00000000
0.99596820 -0.04002466 -0.08028355 0.00000000
0.07661583 -0.08600438 0.99334440 0.00000000
-0.00838989 0.82708950 0.23816910 1.00000000

-0.04498732 -0.98379850 -0.17354110 0.00000000
0.99584040 -0.03038536 -0.08589956 0.00000000
0.07923475 -0.17668370 0.98107320 0.00000000
0.00000544 1.00619200 0.25302840 1.00000000

-0.02052568 -0.99978680 0.00223680 0.00000000
0.99560640 -0.02064418 -0.09133331 0.00000000
0.09136001 0.00035224 0.99581780 0.00000000
0.00677487 1.15422800 0.27914180 1.00000000

-0.01866941 -0.99654820 -0.08088953 0.00000000
0.99526630 -0.01080579 -0.09658269 0.00000000
